class,file_path,file_size,file_error,duration,bit_depth,bitrate,sample_rate,channels,year,month,day,hour,minute,second,humidity,temperature,luminosity,altitude,air_pressure,L_wbf_autocorrelation,L_wbf_cepstrum,L_old_wbf_eh,L_old_wbf_eh_peak,L_old_wbf_eh_approx,L_old_complexity,L_old_complexity_znorm,L_old_time_length,L_old_peaks_freq_1,L_old_peaks_freq_2,L_old_peaks_freq_3,L_old_peaks_freq_4,L_old_peaks_freq_5,L_old_peaks_freq_6,L_old_inharmonicity,L_old_rho,L_old_eh_1,L_old_eh_2,L_old_eh_3,L_old_eh_4,L_old_eh_5,L_old_eh_6,L_old_eh_7,L_old_eh_8,L_old_eh_9,L_old_eh_10,L_old_eh_11,L_old_eh_12,L_old_eh_13,L_old_eh_14,L_old_eh_15,L_old_eh_16,L_old_eh_17,L_old_eh_18,L_old_eh_19,L_old_eh_20,L_old_eh_21,L_old_eh_22,L_old_eh_23,L_old_eh_24,L_old_eh_25,L_old_eh_26,L_harmcherry_error,L_harmcherry_h1_freq,L_harmcherry_h1_basefreq,L_harmcherry_h1_relbasefreq,L_harmcherry_h1_relpower,L_harmcherry_h1_power,L_harmcherry_h1_invented,L_harmcherry_h2_freq,L_harmcherry_h2_basefreq,L_harmcherry_h2_relbasefreq,L_harmcherry_h2_relpower,L_harmcherry_h2_power,L_harmcherry_h2_invented,L_harmcherry_h3_freq,L_harmcherry_h3_basefreq,L_harmcherry_h3_relbasefreq,L_harmcherry_h3_relpower,L_harmcherry_h3_power,L_harmcherry_h3_invented,L_harmcherry_h4_freq,L_harmcherry_h4_basefreq,L_harmcherry_h4_relbasefreq,L_harmcherry_h4_relpower,L_harmcherry_h4_power,L_harmcherry_h4_invented,L_harmcherry_h5_freq,L_harmcherry_h5_basefreq,L_harmcherry_h5_relbasefreq,L_harmcherry_h5_relpower,L_harmcherry_h5_power,L_harmcherry_h5_invented,L_harmcherry_h6_freq,L_harmcherry_h6_basefreq,L_harmcherry_h6_relbasefreq,L_harmcherry_h6_relpower,L_harmcherry_h6_power,L_harmcherry_h6_invented,L_harmcherry_h7_freq,L_harmcherry_h7_basefreq,L_harmcherry_h7_relbasefreq,L_harmcherry_h7_relpower,L_harmcherry_h7_power,L_harmcherry_h7_invented,L_harmcherry_h8_freq,L_harmcherry_h8_basefreq,L_harmcherry_h8_relbasefreq,L_harmcherry_h8_relpower,L_harmcherry_h8_power,L_harmcherry_h8_invented,L_harmcherry_wbf_mean,L_harmcherry_wbf_stddev,L_harmcherry_wbf_coeffofvariation,L_harmcherry_wbf_trustworthyharmonics,L_skips_thresh,L_skips_count,L_skips_density,L_skips_score,R_wbf_autocorrelation,R_wbf_cepstrum,R_old_wbf_eh,R_old_wbf_eh_peak,R_old_wbf_eh_approx,R_old_complexity,R_old_complexity_znorm,R_old_time_length,R_old_peaks_freq_1,R_old_peaks_freq_2,R_old_peaks_freq_3,R_old_peaks_freq_4,R_old_peaks_freq_5,R_old_peaks_freq_6,R_old_inharmonicity,R_old_rho,R_old_eh_1,R_old_eh_2,R_old_eh_3,R_old_eh_4,R_old_eh_5,R_old_eh_6,R_old_eh_7,R_old_eh_8,R_old_eh_9,R_old_eh_10,R_old_eh_11,R_old_eh_12,R_old_eh_13,R_old_eh_14,R_old_eh_15,R_old_eh_16,R_old_eh_17,R_old_eh_18,R_old_eh_19,R_old_eh_20,R_old_eh_21,R_old_eh_22,R_old_eh_23,R_old_eh_24,R_old_eh_25,R_old_eh_26,R_harmcherry_error,R_harmcherry_h1_freq,R_harmcherry_h1_basefreq,R_harmcherry_h1_relbasefreq,R_harmcherry_h1_relpower,R_harmcherry_h1_power,R_harmcherry_h1_invented,R_harmcherry_h2_freq,R_harmcherry_h2_basefreq,R_harmcherry_h2_relbasefreq,R_harmcherry_h2_relpower,R_harmcherry_h2_power,R_harmcherry_h2_invented,R_harmcherry_h3_freq,R_harmcherry_h3_basefreq,R_harmcherry_h3_relbasefreq,R_harmcherry_h3_relpower,R_harmcherry_h3_power,R_harmcherry_h3_invented,R_harmcherry_h4_freq,R_harmcherry_h4_basefreq,R_harmcherry_h4_relbasefreq,R_harmcherry_h4_relpower,R_harmcherry_h4_power,R_harmcherry_h4_invented,R_harmcherry_h5_freq,R_harmcherry_h5_basefreq,R_harmcherry_h5_relbasefreq,R_harmcherry_h5_relpower,R_harmcherry_h5_power,R_harmcherry_h5_invented,R_harmcherry_h6_freq,R_harmcherry_h6_basefreq,R_harmcherry_h6_relbasefreq,R_harmcherry_h6_relpower,R_harmcherry_h6_power,R_harmcherry_h6_invented,R_harmcherry_h7_freq,R_harmcherry_h7_basefreq,R_harmcherry_h7_relbasefreq,R_harmcherry_h7_relpower,R_harmcherry_h7_power,R_harmcherry_h7_invented,R_harmcherry_h8_freq,R_harmcherry_h8_basefreq,R_harmcherry_h8_relbasefreq,R_harmcherry_h8_relpower,R_harmcherry_h8_power,R_harmcherry_h8_invented,R_harmcherry_wbf_mean,R_harmcherry_wbf_stddev,R_harmcherry_wbf_coeffofvariation,R_harmcherry_wbf_trustworthyharmonics,R_skips_thresh,R_skips_count,R_skips_density,R_skips_score,M_wbf_autocorrelation,M_wbf_cepstrum,M_old_wbf_eh,M_old_wbf_eh_peak,M_old_wbf_eh_approx,M_old_complexity,M_old_complexity_znorm,M_old_time_length,M_old_peaks_freq_1,M_old_peaks_freq_2,M_old_peaks_freq_3,M_old_peaks_freq_4,M_old_peaks_freq_5,M_old_peaks_freq_6,M_old_inharmonicity,M_old_rho,M_old_eh_1,M_old_eh_2,M_old_eh_3,M_old_eh_4,M_old_eh_5,M_old_eh_6,M_old_eh_7,M_old_eh_8,M_old_eh_9,M_old_eh_10,M_old_eh_11,M_old_eh_12,M_old_eh_13,M_old_eh_14,M_old_eh_15,M_old_eh_16,M_old_eh_17,M_old_eh_18,M_old_eh_19,M_old_eh_20,M_old_eh_21,M_old_eh_22,M_old_eh_23,M_old_eh_24,M_old_eh_25,M_old_eh_26,M_harmcherry_error,M_harmcherry_h1_freq,M_harmcherry_h1_basefreq,M_harmcherry_h1_relbasefreq,M_harmcherry_h1_relpower,M_harmcherry_h1_power,M_harmcherry_h1_invented,M_harmcherry_h2_freq,M_harmcherry_h2_basefreq,M_harmcherry_h2_relbasefreq,M_harmcherry_h2_relpower,M_harmcherry_h2_power,M_harmcherry_h2_invented,M_harmcherry_h3_freq,M_harmcherry_h3_basefreq,M_harmcherry_h3_relbasefreq,M_harmcherry_h3_relpower,M_harmcherry_h3_power,M_harmcherry_h3_invented,M_harmcherry_h4_freq,M_harmcherry_h4_basefreq,M_harmcherry_h4_relbasefreq,M_harmcherry_h4_relpower,M_harmcherry_h4_power,M_harmcherry_h4_invented,M_harmcherry_h5_freq,M_harmcherry_h5_basefreq,M_harmcherry_h5_relbasefreq,M_harmcherry_h5_relpower,M_harmcherry_h5_power,M_harmcherry_h5_invented,M_harmcherry_h6_freq,M_harmcherry_h6_basefreq,M_harmcherry_h6_relbasefreq,M_harmcherry_h6_relpower,M_harmcherry_h6_power,M_harmcherry_h6_invented,M_harmcherry_h7_freq,M_harmcherry_h7_basefreq,M_harmcherry_h7_relbasefreq,M_harmcherry_h7_relpower,M_harmcherry_h7_power,M_harmcherry_h7_invented,M_harmcherry_h8_freq,M_harmcherry_h8_basefreq,M_harmcherry_h8_relbasefreq,M_harmcherry_h8_relpower,M_harmcherry_h8_power,M_harmcherry_h8_invented,M_harmcherry_wbf_mean,M_harmcherry_wbf_stddev,M_harmcherry_wbf_coeffofvariation,M_harmcherry_wbf_trustworthyharmonics,M_skips_thresh,M_skips_count,M_skips_density,M_skips_score,cartridge,group
gambiae_female,sf2_data_final/2024-01-09_330025_gambiae_female/002/2_041.wav,7432.0,OK,0.0406349206349206,16.0,1411200.0,44100.0,2.0,2024.0,1.0,10.0,1.0,24.0,39.0,67.8,32.0,0.0,35.2,1009.2,512.7906976744187,512.7906976744185,516.796875,516.796875,516.713227411917,0.0636185181656954,2.903314838765102,0.0348299319727891,517.137005229234,1031.814103902347,1547.5650146783703,2057.685411548943,42.344940886017234,2549.377890224824,944.7039494735506,-0.0018814547524884,0.7095727736356878,8.19079599751465,7.839895606022199,1.3561057427572027,11.532124128485146,1.1820443819601998,4.225841571704635,3.663892200024514,1.183973636232862,5.664731217807799,15.088710433910732,5.59122916969176,1.040552875179645,0.5816630503455991,0.9269907055959744,0.6416751069338114,3.3283787464623003,0.4830544747936905,0.4797595029024152,0.2832179779795971,0.77046953775899,2.8839232348275283,4.847644651903172,2.3882347509591644,0.5751595020201117,0.2603115927767269,OK,519.4771697308104,519.4771697308104,1.010967904983885,-0.2719710844873049,37.61674384971317,0.0,1034.2924357480315,517.1462178740159,1.006431579515524,0.0,37.88871493420048,0.0,1545.588205212999,515.196068404333,1.0026363433845649,2.111404035897188,40.00011897009767,0.0,2050.022090447688,512.5055226119221,0.9974002028927192,-9.663362415903734,28.225352518296745,0.0,2563.52090419365,512.70418083873,0.9977868167865848,-16.156902157301644,21.731812776898835,0.0,3069.6427917304327,511.6071319550721,0.9956518216872788,-14.945421252199417,22.943293682001062,0.0,3577.5753882852564,511.0821983264652,0.9946302348270836,-19.38383143873785,18.50488349546263,0.0,4088.1020668932415,511.0127583616553,0.9944950959223608,-24.09494965536492,13.793765278835558,0.0,513.8414060128755,2.919825444938448,0.0056823475313028,8.0,0.05,0.0,0.0,7.455182640114799e-06,1191.891891891892,512.7906976744185,516.796875,516.796875,516.5223073998338,0.0484863513658278,1.5819104654633256,0.0348299319727891,516.858385034588,1031.711842337296,1547.3573577714312,2058.447497517898,3060.069316583862,2548.5999468676005,950.2937918237232,-0.0018814547524884,7.887740349929238,6.411954284786793,5.724279750908489,1.0242096331024324,8.004196792364873,0.8837566703801317,2.858695745122232,2.4633147724651097,0.8567951910691735,4.049147439472906,10.371573384152526,3.8858318478554392,0.7496342020032069,0.4028790969302487,0.6558615989706417,0.4479941373600953,2.260262063290883,0.3105817118237195,0.3153874732088195,0.2176154273385609,0.5139905881122844,1.950727659709026,3.2828498547615323,1.5849126797660489,0.3764345200701263,0.1864159646105761,OK,522.8049293821254,522.8049293821254,1.0168199550424213,-1.1559735352272398,34.62032307489096,0.0,1032.1824522613133,516.0912261306567,1.0037622598014937,0.0,35.7762966101182,0.0,1544.980490426338,514.9934968087794,1.001627251087939,0.7069749022143554,36.48327151233256,0.0,2050.81419074788,512.70354768697,0.9971734561211631,-10.65501399032422,25.12128261979398,0.0,2564.3913566143306,512.8782713228661,0.9975132816844126,-17.498990785619924,18.27730582449828,0.0,3064.879573013928,510.8132621689881,0.99349697962412,-11.794425577273223,23.98187103284498,0.0,3585.800504416484,512.2572149166406,0.9963053693033962,-15.917679064485904,19.8586175456323,0.0,4085.70182324953,510.7127279061913,0.9933014473350538,-19.44285840687953,16.333438203238668,0.0,514.1568345404022,3.701825343200415,0.0071997979887001,8.0,0.05,0.0,0.0,4.342760803410783e-06,1191.891891891892,512.7906976744185,86.1328125,516.796875,86.1328125,0.0202927127068489,1.723034299710447,0.0348299319727891,516.4098543374635,1031.9750608006586,1547.993215394122,2058.087767352888,3062.441881171114,2549.2860387962187,951.0605952685952,-0.0018814547524884,4.125806550978325,2.8921021113052063,2.4963035041708617,0.4698814893052528,2.9628233175578087,0.3763459600994933,0.7878400873215287,0.802947681188408,0.3680926278289687,1.5987797396696146,3.66075802399487,1.5620340341636738,0.3007722259026077,0.1769366851374952,0.2564110800314842,0.1579406901089984,0.7149082892158442,0.1254551560699573,0.1511397935592465,0.1211227391874842,0.1468164415960351,0.5346269717971399,0.966134520589315,0.4426177483895425,0.1399250548175394,0.0621145596121463,OK,523.0903292764311,523.0903292764311,1.0167081112375949,-1.3148676384698064,31.304123582335976,0.0,1037.4483620450048,518.7241810225024,1.0082218171958457,0.0,32.61899122080578,0.0,1546.2482090843807,515.4160696947936,1.001791983892655,5.037318182144816,37.6563094029506,0.0,2048.5068942408834,512.1267235602209,0.9953986236859884,-4.874008624354278,27.744982596451504,0.0,2562.298555324313,512.4597110648626,0.996045837136442,-10.79603578638072,21.82295543442506,0.0,3068.599831268768,511.43330521146135,0.994050856349819,-9.499745708825046,23.119245511980736,0.0,3582.210459130685,511.7443513043836,0.994655423224684,-11.590419391640523,21.02857182916526,0.0,4087.665321903887,510.9581652379859,0.9931273472769712,-15.194668716124893,17.42432250468089,0.0,514.4941045465802,4.059162446901751,0.0078896189694516,8.0,0.05,0.0,0.0,7.681176482167627e-07,2,01-09_gambiae
gambiae_female,sf2_data_final/2024-01-09_330025_gambiae_female/002/4_003.wav,6408.0,OK,0.0348299319727891,16.0,1411200.0,44100.0,2.0,2024.0,1.0,9.0,20.0,29.0,49.0,69.6,32.0,0.0,35.4,1009.2,558.2278481012659,580.2631578947369,129.19921875,129.19921875,142.61143904621684,0.0516269304614259,2.4260090945098884,0.023219954648526,555.8983843966085,90.92722056440634,1163.604147550213,1720.215038889933,2325.7966931196493,2021.5331045979108,869.7797704030214,-0.0023262590525142,5.992925710147291,9.300302451354186,8.531699667524396,4.185517000529149,7.092680408723949,5.546427376514288,2.598580229816565,2.4534181519595384,2.9432051115422224,3.782792538508024,6.116255038105254,8.075563073962874,5.343956741540588,2.084578145351571,1.7424295561540204,1.2372699738963184,0.9999536183049084,0.7893849691554131,1.3056644447289951,0.6651194094966671,0.5657857711622111,0.6644487833708987,0.909196109148391,1.0373742536909525,1.2871797440140282,1.7910657576736837,OK,550.4238150000095,550.4238150000095,0.9578537137768328,8.398759667301881,27.48012421414853,0.0,1168.7004563551782,584.3502281775891,1.0168928395771424,0.0,19.08136454684665,0.0,1717.3959659555226,572.4653219851742,0.9962105921451456,1.9814702003849511,21.0628347472316,0.0,2333.7485984132813,583.4371496033203,1.015303889972312,-1.6367299219307014,17.44463462491595,0.0,2935.6343644501253,587.1268728900251,1.0217247879361455,-7.913918217787213,11.167446329059436,0.0,3368.5166025658814,561.4194337609803,0.9769884132183349,-7.103410875323995,11.977953671522656,0.0,4091.9105976714927,584.5586568102133,1.0172555494279445,2.299345445804267,21.38070999265092,0.0,4586.892380366689,573.3615475458362,0.9977702139461422,-1.0541005213586416,18.02726402548801,0.0,574.6428782216435,12.214492961237658,0.0212557980341426,8.0,0.05,0.0,0.0,4.436332649978188e-06,1191.891891891892,572.7272727272727,86.1328125,559.86328125,86.1328125,0.0425719832499085,0.8209911222530142,0.023219954648526,555.5136314207315,682.5954465684277,1164.2835915470284,1720.1553012699417,2326.007379555099,2020.288863912761,724.8925689862307,-0.0023262590525142,30.138424131033723,14.787098881770351,8.020461697742883,3.16385302427279,5.155831361855651,3.838203895653983,1.8055022792800743,1.6343247618188328,2.046490844021646,2.675296910782061,4.248708342338478,5.489493282478668,3.6084676001611777,1.4198412177787765,1.1957892812732362,0.855401674905836,0.6466895971288437,0.5456179309054082,0.9160873577659154,0.4079121361289092,0.4261750452480468,0.4812182624868324,0.595454275873948,0.7020952081234655,0.8158216871688858,1.1702463289912532,OK,550.6246501968935,550.6246501968935,0.9540680395870796,8.6170508214725,27.0128154664907,0.0,1170.25641718388,585.12820859194,1.0138523995952435,0.0,18.3957646450182,0.0,1716.1930163133216,572.0643387711071,0.9912166155544708,1.8710119890024863,20.266776634020687,0.0,2332.7161507537585,583.1790376884396,1.0104750686638044,-4.831805201609399,13.563959443408802,0.0,3033.133604527345,606.626720905469,1.0511028995314031,-0.6524433568411503,17.74332128817705,0.0,3409.402003175562,568.2336671959271,0.9845792059893032,2.772514884950823,21.168279529969023,0.0,4018.54633177169,574.0780473959557,0.9947057710786956,-2.743796422930597,15.651968222087604,0.0,4617.068195137979,577.1335243922474,1.0,-4.080638395221985,14.315126249796217,1.0,577.1335243922474,15.978880252164986,0.027686626364309,7.0,0.05,0.0,0.0,3.218225174350664e-06,1191.891891891892,580.2631578947369,86.1328125,258.3984375,86.1328125,0.0203875993751707,0.9382866582631718,0.023219954648526,554.8252499173309,1162.4949370667823,1720.3959807893316,2329.4789876908912,902.7345999031352,2933.627623784235,905.0055571000886,-0.0023262590525142,16.969276311080094,8.547840437834395,4.132590238980879,1.6471634117394762,2.220355587846077,1.5006529281413783,0.5810906540857129,0.5592631931105744,0.7756123312705453,1.1042217855695886,1.6591861333209244,2.070344515900258,1.3027984775798205,0.4703620785552795,0.3989996962941293,0.3002306959548858,0.2642765543746186,0.1857546026636438,0.2972655557846871,0.1662191172863619,0.1305129128020367,0.1451200304728051,0.1961081686678291,0.1920356104316908,0.277827088293856,0.3910485843664111,OK,551.2318168162692,551.2318168162692,0.9574112304386444,9.51947505515218,26.33410554281709,0.0,1163.9203878043463,581.9601939021732,1.0107820490628598,0.0,16.814630487664914,0.0,1714.4253979429136,571.4751326476379,0.9925709895944348,6.207456868689658,23.02208735635457,0.0,2335.90307745482,583.975769363705,1.014282816841129,-0.6347276298131632,16.17990285785175,0.0,2941.443747376248,588.2887494752497,1.0217738495962787,-2.609340530249817,14.205289957415095,0.0,3383.2963900669856,563.882731677831,0.979384069440823,-3.6695900427901407,13.145040444874772,0.0,4096.84914835734,585.2641640510485,1.0165205750859716,0.2527994519998771,17.06742993966479,0.0,4639.525344039384,579.9406680049229,1.0072744199398598,-1.9385183433713635,14.87611214429355,0.0,575.7524032423546,11.894215258820758,0.0206585594638222,8.0,0.05,0.0,0.0,7.44587699349116e-07,4,01-09_gambiae
gambiae_female,sf2_data_final/2024-01-09_330025_gambiae_female/002/4_018.wav,7432.0,OK,0.0406349206349206,16.0,1411200.0,44100.0,2.0,2024.0,1.0,9.0,22.0,28.0,48.0,69.2,32.0,0.0,29.2,1009.9,621.1267605633802,648.5294117647059,602.9296875,602.9296875,616.3576241265303,0.0879697670623396,2.709636742040673,0.0348299319727891,605.9886012162469,1250.573012824995,79.51564569223258,1847.239684765375,1935.8280896217816,2616.103562241304,934.0027426626648,-0.0021574218780237,1.980808124176748,3.469303558931039,7.656650180085391,10.652493455523173,3.315759930472005,15.227474491922589,5.7071540065060935,1.597881729863969,3.271753451451631,1.7121614951210975,2.741054402833374,8.314859599902288,16.5492026311874,14.640181781675146,5.823119312601835,2.0758746179447143,0.9027526820036542,0.6533703813765088,0.5826341764729984,1.4522567595595417,1.0207080157926485,0.8929057003906135,0.3772500832059713,0.3172583232410531,0.3120199319853512,1.0097078185119468,OK,615.483061135801,615.483061135801,0.9836077993685732,8.966462429621302,48.34603418542554,0.0,1257.6631640949138,628.8315820474569,1.0049401643154003,0.0,39.37957175580424,0.0,1841.76116371366,613.9203879045533,0.9811104803111108,-8.060460905387355,31.31911085041688,0.0,2604.403314766976,651.100828691744,1.0405288036598557,-18.33036637464817,21.049205381156064,0.0,3234.9005922879205,646.9801184575841,1.0339434677161206,-24.47522842759233,14.9043433282119,0.0,3618.5078212609774,603.0846368768297,0.9637937905500364,-27.29189129606004,12.087680459744202,0.0,4345.471474055334,620.781639150762,0.9920754940789048,-32.49322947845148,6.886342277352753,0.0,5005.922576302549,625.7403220378186,1.0,-32.00398054430141,7.375591211502822,1.0,625.7403220378186,16.417025084427706,0.026236162999634,7.0,0.05,0.0,0.0,1.6994333626436336e-05,658.2089552238806,639.1304347826087,86.1328125,602.9296875,86.1328125,0.0652550389353657,0.9293051911589324,0.0348299319727891,605.9640595582072,1250.6593757689045,1847.1347623411243,1935.4146188237924,2615.944792600673,2451.0481128970623,753.15573748951,-0.0021574218780237,15.052748631977243,5.367025368226409,5.757147575520105,7.472209804293754,2.401761514083273,10.422064633480804,3.9175181275729054,1.0660759290466373,2.212076019030466,1.2276273880773028,1.902000850829999,5.729001600620146,11.371497563925535,10.032241856820557,3.969485094259172,1.4185365057369423,0.6462440527570172,0.4830865359727139,0.4047108282807185,1.0361783753868548,0.7541661391757466,0.6231122312532826,0.3277680496953033,0.2433247663643624,0.2249799064056282,0.7008293697450143,OK,618.5818840176563,618.5818840176563,0.985861635242081,5.522268440623783,45.50657104468758,0.0,1258.7579131869454,629.3789565934727,1.003069413064941,0.0,39.9843026040638,0.0,1842.030491211668,614.0101637372225,0.9785754800086548,-6.3096338456075145,33.674668758456285,0.0,2606.369539139953,651.5923847849882,1.038471947809387,-14.59593528319737,25.38836732086643,0.0,3237.270710308302,647.4541420616604,1.0318766451604455,-18.48141996845226,21.50288263561153,0.0,3622.2043976404766,603.7007329400794,0.9621448787144916,-21.576719064218008,18.407583539845792,0.0,4392.171308157592,627.4530440225132,1.0,-33.10808893158843,6.876213672475366,1.0,5019.624352180105,627.4530440225132,1.0,-34.48466495446682,5.499637649596977,1.0,627.4530440225132,17.368753680112754,0.0276813601361531,6.0,0.05,0.0,0.0,8.566361170129052e-06,1191.891891891892,639.1304347826087,86.1328125,602.9296875,86.1328125,0.025623392181364,0.7010061599536529,0.0348299319727891,604.8629732316127,1250.7225891074902,1847.9604526408416,1936.3780306886435,2616.624393861624,2451.4268996358733,753.7610154852874,-0.0021574218780237,8.223994819650208,2.860163787242287,2.1847014637826314,2.7564118660356685,0.9398491988168948,3.6102259610705936,1.261228304773713,0.3266404471297954,0.6172499286799046,0.429170652418512,0.7413629338247811,2.1468505946620007,3.898685369283948,3.3390308050945023,1.2989438930516122,0.4526461971764788,0.2413403590829461,0.2037241505705517,0.1925742821328706,0.3825198577766191,0.2753820235486541,0.263175166927837,0.1545435867543978,0.128751385346572,0.0896913973142152,0.2108491593167792,OK,617.2026075774036,617.2026075774036,0.9627471029377672,7.809013809613951,41.03119247841448,0.0,1257.6186186125876,628.8093093062938,0.9808518846204184,0.0,33.222178668800524,0.0,1938.6573784499,646.2191261499665,1.0080086894089026,-2.229141474398084,30.99303719440244,0.0,2605.4407072930458,651.3601768232614,1.0160279874173774,-9.807417475023154,23.41476119377737,0.0,3253.2794003761883,650.6558800752376,1.014929386009276,-14.067840743519216,19.154337925281308,0.0,4037.679102731932,672.9465171219887,1.049699566782865,-17.035016339491175,16.18716232930935,0.0,4342.803628602428,620.4005183717754,0.9677353828233942,-18.625880250594385,14.59629841820614,0.0,5128.679011915345,641.0848764894181,1.0,-23.128616546635065,10.09356212216546,1.0,641.0848764894181,18.4685275101742,0.0288082408234427,7.0,0.05,0.0,0.0,1.253187032749078e-06,4,01-09_gambiae
gambiae_female,sf2_data_final/2024-01-09_330025_gambiae_female/002/4_027.wav,6408.0,OK,0.0348299319727891,16.0,1411200.0,44100.0,2.0,2024.0,1.0,9.0,23.0,29.0,14.0,68.5,32.0,0.0,27.8,1010.1,604.1095890410959,604.1095890410959,172.265625,172.265625,170.91719291752142,0.0637959549363279,2.3658577585279623,0.023219954648526,601.8758558765941,88.21886874975478,1162.3821519563198,1290.514383365719,1808.314602804604,1891.4159806172825,697.1722645629419,-0.0020129625832821,4.74575648518705,6.746112152320789,8.915572238180618,6.456253072396868,5.473893581890719,8.437965114578628,4.592430383845961,2.815846051536309,1.9823631419706973,2.752090905088437,4.863724996589556,7.150847442730303,8.81629050216877,6.521922968721396,4.0815066521855,2.2194729046167296,1.1879671090598891,0.9328187431598842,0.7349215987884598,0.7847140346321897,0.6790367078977729,0.5758945551764227,0.73874749351528,0.8814382818728482,1.3893770167933577,1.723938729893436,OK,604.1296994753754,604.1296994753754,0.9823030448221692,9.719331771294865,34.55758984159516,0.0,1162.4006897081017,581.2003448540507,0.9450203638351332,0.0,24.83825807030029,0.0,1885.4039960276807,628.4679986758938,1.021876642066641,-9.106162347144505,15.73209572315579,0.0,2495.7870944038405,623.9467736009601,1.0145252187525902,-7.193175966253968,17.645082104046327,0.0,3229.8993914157195,645.9798782831439,1.0503506149133643,-17.29670485896429,7.541553211336005,0.0,3632.748683284472,605.4581138807453,0.9844630205961028,-14.668936325521509,10.169321744778788,0.0,4311.385121824914,615.912160260702,1.0014610950139988,-15.059545825424332,9.778712244875962,0.0,4920.108536035282,615.0135670044102,1.0,-20.706545463360573,4.131712606939722,1.0,615.0135670044102,19.17454810318184,0.0311774392174414,7.0,0.05,0.0,0.0,7.032901824762424e-06,1191.891891891892,612.5,86.1328125,602.9296875,86.1328125,0.0492402070216471,1.051280684280218,0.023219954648526,45.73228246553831,601.6294002607295,1163.0481813791123,1290.7820169548509,1891.4248102163865,2497.4554102276675,877.2027499093875,-0.0020129625832821,25.64528022882776,10.8826920814032,7.72285481105303,4.80001664409343,3.782426984589639,5.768676232962509,3.093847334957108,1.8593904515277584,1.3493189802543333,1.930793937981483,3.31899136456836,4.902257989031226,6.013737744113237,4.423667933924029,2.749156250806393,1.5309710668319063,0.8147492819876788,0.6337667151270909,0.4840483810451558,0.5346030208057514,0.4832438713548335,0.4178438560002135,0.4808425990866772,0.5449640515607843,0.9287716016422182,1.1618893355578876,OK,603.4660559076281,603.4660559076281,0.9817603836878432,9.43330249250806,32.45404326420618,0.0,1164.3798667757433,582.1899333878716,0.9471469137106968,0.0,23.02074077169812,0.0,1885.024319804137,628.3414399347124,1.0222293816169512,-8.238586042212336,14.782154729485782,0.0,2497.8879638114213,624.4719909528553,1.0159342939647138,-6.525354567521969,16.49538620417615,0.0,3140.86955514314,628.173911028628,1.021956833987294,-13.747362774668396,9.273377997029725,0.0,3631.38616345312,605.2310272421865,0.9846317613198592,-12.568051154892274,10.452689616805843,0.0,4331.012031931887,618.7160045616981,1.006570056568817,-11.76064648315728,11.260094288540838,0.0,5014.6395511119445,626.8299438889931,1.019770375143826,-7.830592929925299,15.19014784177282,0.0,614.6775383630716,15.4076042116987,0.0250661578634062,8.0,0.05,0.0,0.0,4.17837145505473e-06,1191.891891891892,612.5,86.1328125,602.9296875,86.1328125,0.0223181906220227,1.0784003891998726,0.023219954648526,46.42197723758149,600.6805181323479,1161.3142752203742,1290.9489118436134,344.4746517481787,2495.297821993512,876.8639982088806,-0.0020129625832821,14.479342631641376,6.213021290790163,3.745218297505069,2.127351149237562,1.535100040937691,2.086822530727955,1.0970330017989554,0.5962182781940378,0.4800021051808536,0.77133083114669,1.3283258781385034,1.8036618227143244,2.142515986818698,1.5411222871210462,0.921455360907506,0.5020864825648836,0.2787981539667609,0.2464474175099874,0.1947037536716594,0.2250367336716888,0.1706899546015994,0.1524896688570692,0.1785054080056779,0.2312799551417914,0.2807499556091158,0.3519159489746297,OK,611.5880267779164,611.5880267779164,1.0000535469209717,6.396414012396065,31.43818351682492,0.0,1159.2140382561556,579.6070191280778,0.947758997757174,0.0,25.04176950442885,0.0,1887.87481081927,629.2916036064233,1.029001995918266,-7.499063887155966,17.542705617272883,0.0,2482.2612829385803,620.5653207346451,1.014732994964579,-6.141897363342043,18.899872141086806,0.0,3224.957485648599,644.9914971297197,1.0546740717549556,-16.016821225826206,9.024948278602643,0.0,3614.570381561513,602.4283969269187,0.9850759477530604,-12.84889086037872,12.192878644050127,0.0,4333.678027069058,619.0968610098654,1.012331806105449,-11.977138715427358,13.064630789001493,0.0,4678.988109534668,584.8735136918335,0.9563706388255436,-8.425875500814776,16.615894003614073,0.0,611.5552798756751,20.57462989409233,0.0336431236408833,8.0,0.05,0.0,0.0,8.544648153474554e-07,4,01-09_gambiae
gambiae_female,sf2_data_final/2024-01-09_330025_gambiae_female/002/1_001.wav,6920.0,OK,0.0377324263038548,16.0,1411200.0,44100.0,2.0,2024.0,1.0,9.0,19.0,46.0,56.0,70.0,32.0,0.0,38.9,1008.8,572.7272727272727,580.2631578947369,559.86328125,559.86328125,573.2601226537167,0.0702560113689114,2.9138516997348654,0.0348299319727891,565.5435909564752,1119.8808110109871,1807.193390566361,1675.297575171216,128.19283114961397,2372.256146997884,835.4567420552104,-0.0023327784655311,2.0255415452420067,7.691611463137304,7.985885761662604,5.636036337523062,7.910832708033232,11.763718634828644,2.4379798047251606,3.4617653331755243,1.7272086936285846,2.515677627019324,7.541741632233656,15.228276366415017,13.437828406089857,5.36524275729052,1.1281406569835366,0.915888156348314,0.7904163297023034,1.3540281096392703,0.8935697221322771,1.7924137218293796,0.779473327277031,0.8082968153784825,1.37216121521345,3.1371446203972653,4.390597870492289,3.6422820661374886,OK,588.3203739981159,588.3203739981159,0.998562935015706,-2.100294068279545,35.15309668303254,0.0,1124.689549684266,562.344774842133,0.9544742519131338,0.0,37.25339075131208,0.0,1805.3314718923907,601.7771572974635,1.0214032880294026,-5.883267435437851,31.37012331587423,0.0,2386.523452166557,596.6308630416393,1.0126684236193408,-11.387837707770426,25.865553043541656,0.0,2976.497169421867,595.2994338843735,1.0104085736025723,-14.722728796042492,22.53066195526959,0.0,3564.219955260113,594.0366592100189,1.008265251629006,-15.721311202858908,21.532079548453176,0.0,4113.037087335593,587.5767267622276,0.9973007340121296,-20.768898319656586,16.4844924316555,0.0,4698.802988759131,587.3503735948914,0.9969165421787084,-21.95415890386064,15.299231847451445,0.0,589.1670453288579,11.191644669101978,0.0189957071730905,8.0,0.05,0.0,0.0,1.25915869900312e-05,1191.891891891892,580.2631578947369,86.1328125,559.86328125,86.1328125,0.0530495736704858,1.839868238473497,0.0348299319727891,33.76612245196942,565.4227709466034,1119.9551664935022,1807.2731929876409,1675.8014280676718,2372.3290404902864,862.0138052168354,-0.0023327784655311,10.676820725933297,8.15272630821378,5.8302075662096335,4.099128850053631,5.522289962287593,8.13056759103667,1.6619552639288826,2.318873179444821,1.1864441025358208,1.7257937834420245,5.154685831200281,10.375935779455377,9.212528640802471,3.639194840225517,0.7736831709552315,0.6462665893620987,0.5676352402229813,0.9041703017739758,0.6395733913688958,1.28538940933185,0.5586547826224698,0.5625500838275492,0.9191205877060508,2.0999380252363284,2.9119970070344365,2.487785431610002,OK,585.1908870699975,585.1908870699975,0.9922026825060226,-0.9832276166584536,32.532441954246224,0.0,1127.8016682480356,563.9008341240178,0.9561049781322196,0.0,33.51566957090468,0.0,1807.2065246457096,602.4021748819032,1.021384760206958,-1.8698613585501784,31.6458082123545,0.0,2382.2220484488275,595.5555121122069,1.0097761085406272,-5.629078377178868,27.88659119372581,0.0,2976.5536664228425,595.3107332845685,1.0093610812140406,-8.959492355606912,24.556177215297765,0.0,3566.4044913908674,594.4007485651446,1.0078181841874436,-10.219139439716493,23.296530131188184,0.0,4160.097789801102,594.2996842573003,1.0076468276616255,-14.968536950240557,18.54713262066412,0.0,4698.053923239103,587.2567404048879,0.995705377551062,-15.457031906257589,18.05863766464709,0.0,589.7896643375034,10.967001575011803,0.0185947673181604,8.0,0.05,0.0,0.0,6.691525833537946e-06,1191.891891891892,580.2631578947369,86.1328125,559.86328125,86.1328125,0.0228990805905756,2.0038886508664944,0.0348299319727891,33.8485601359356,564.3135311225794,1119.780876006599,1808.3409529414407,2372.540579955476,1676.073553185287,862.3912072342843,-0.0023327784655311,5.775180397418325,4.106063884046846,2.695105907841786,1.7644883174668682,2.2476118780302783,2.976211434129688,0.5668286584427625,0.6638707953609099,0.4024911839982488,0.719861050462877,2.001554148146102,3.646172466338578,3.2829926156388467,1.290847932659797,0.2801566358974913,0.2741397821634759,0.2184105435457632,0.3327715712535806,0.2345119646208058,0.4712418121326547,0.2183827154126005,0.2480579295658475,0.3184144874719328,0.5894217660607634,0.8359358126488737,0.7643903649873884,OK,585.7286857714898,585.7286857714898,0.9943929722067336,-5.131272108810478,31.65433103303032,0.0,1122.7720604736517,561.3860302368258,0.9530663884546744,0.0,36.7856031418408,0.0,1806.7908623115625,602.2636207705208,1.022464370378525,-6.36936319149962,30.416239950341176,0.0,2385.8090611201283,596.4522652800321,1.0125984184469998,-10.632351926458028,26.153251215382767,0.0,2976.68139128253,595.336278256506,1.0107038046433297,-12.222885735880112,24.562717405960683,0.0,3562.6283480144143,593.7713913357358,1.0080470924246638,-13.407711867842668,23.377891273998127,0.0,4133.54066117934,590.5058087399057,1.002503105144654,-18.12736603636317,18.658237105477625,0.0,4694.457034259154,586.8071292823943,0.99622384830042,-20.34814377401961,16.43745936782118,0.0,589.0314012091762,11.590273765596116,0.0196768351259429,8.0,0.05,0.0,0.0,1.1444920416509449e-06,1,01-09_gambiae
gambiae_female,sf2_data_final/2024-01-09_330025_gambiae_female/002/3_037.wav,8968.0,OK,0.0493424036281179,16.0,1411200.0,44100.0,2.0,2024.0,1.0,10.0,0.0,47.0,10.0,68.4,32.0,0.0,33.8,1009.4,689.0625,689.0625,689.0625,689.0625,690.6321631907203,0.0852124441110751,2.719515530301049,0.0464399092970521,689.5044931222636,1374.4251214657477,2101.332798555383,2797.753000757618,2190.3303355530293,45.478102647116245,1029.955090000026,-0.0020009037835312,0.8339966086679657,0.691279854721182,13.110311371574566,8.014089568946456,2.7617972860578512,1.8327241229483424,15.172794731891525,2.6722904829615146,0.769768825271244,1.4728723960923231,1.2362302357510844,0.6556361633482807,1.70564684051228,8.24005946893698,16.56921125625515,9.37186387725656,2.5872068852858456,0.553761610312424,0.4328190256799851,0.5044058779687687,0.7359138104657788,0.3960851325783296,0.995679792629775,0.5544371940175059,0.3776587639320713,0.3799863350916906,OK,690.0080865904497,690.0080865904497,0.9882287511778362,6.654691808912446,44.59183950529477,0.0,1373.0339134458118,686.5169567229059,0.9832287591831768,0.0,37.937147696382326,0.0,2096.892939476568,698.9643131588558,1.0010558480901297,-2.746030335585594,35.19111736079673,0.0,2796.873868775061,699.2184671937654,1.001419847193048,-2.191845377515854,35.74530231886647,0.0,3505.459248228009,701.0918496456018,1.004102903285919,-12.308181216625464,25.628966479756865,0.0,4281.377251175131,713.5628751958552,1.021963891069891,-19.286540852755486,18.65060684362684,0.0,4887.58963992534,698.2270914179056,1.0,-27.56733001216054,10.369817684221786,1.0,5585.816731343245,698.2270914179056,1.0,-31.730263129538507,6.206884566843819,1.0,698.2270914179056,8.656391863244236,0.0123976740084168,6.0,0.05,0.0,0.0,1.7311127842677868e-05,711.2903225806451,689.0625,689.0625,689.0625,690.5375713213715,0.0618984368585769,1.6833771678673446,0.0464399092970521,689.3968173344912,1374.7007911095243,2101.072834853327,2797.923126935716,2191.0225759472755,3496.885760088866,996.202743131488,-0.0020009037835312,8.438589454540658,1.2870430328161695,9.111644916201318,5.60132980918143,1.9014784403726528,1.2883505751363051,10.22348692445592,1.809944358485258,0.5099531158569435,0.992353351653416,0.90241379521425,0.4414939559609232,1.123883182208048,5.594355718113616,11.220151615780631,6.315700572364261,1.7341269046502332,0.3761064637725204,0.2908663384173279,0.3863541749057235,0.5130981079783856,0.3034426584142041,0.7322655402414937,0.4130522882666565,0.2829750785123613,0.3110041867650802,OK,691.4502625155138,691.4502625155138,0.9896109600031068,5.5826100649386845,43.99080710097249,0.0,1372.986614634619,686.4933073173095,0.9825165130727646,0.0,38.408197036033805,0.0,2096.270507478369,698.7568358261229,1.0000682053325676,-3.8981257060590906,34.510071329974714,0.0,2797.013963977616,699.253490994404,1.0007790234846718,-2.8861528793571054,35.5220441566767,0.0,3507.4713409259607,701.4942681851921,1.003986047600711,-11.442346140094628,26.965850895939177,0.0,4288.841495797203,714.8069159662004,1.0230392505061785,-17.154584681597363,21.25361235443644,0.0,4890.964260938867,698.7091801341238,1.0,-17.651187910576,20.75700912545781,1.0,5589.673441072991,698.7091801341238,1.0,-24.746905941376337,13.661291094657468,1.0,698.7091801341238,8.84224512797774,0.0126551151457325,6.0,0.05,0.0,0.0,8.827265821095994e-06,722.9508196721312,678.4615384615385,86.1328125,689.0625,86.1328125,0.0250955932306315,1.8884525351300367,0.0464399092970521,689.2332706863153,1374.2872484961308,2798.195098548213,2100.966165843201,3495.1290050240623,2192.490789799702,995.883213039821,-0.0020009037835312,4.428819843697091,0.7228247102698567,3.1014128751729024,1.97298100886567,0.6582885032234799,0.5020407182547603,3.255292967797686,0.5569125471257083,0.1665618184093702,0.2863005026762605,0.317708727187028,0.1782679785596216,0.4060485917153045,1.8239729515919103,3.680074718013942,2.093134908978284,0.533475621356831,0.1385778586023093,0.148062338961397,0.2142589561632449,0.2737277989313108,0.1307338068237996,0.3036675674376347,0.1956158063772868,0.1322290496935373,0.1793088019576276,OK,690.8199401268449,690.8199401268449,0.9893680151718792,12.70216794272482,43.36998928616137,0.0,1371.7082655881798,685.8541327940899,0.9822561606072416,0.0,30.66782134343655,0.0,2095.989792679226,698.6632642264086,1.000600948018766,-2.1842803813707903,28.48354096206576,0.0,2797.514817306936,699.378704326734,1.0016255761612358,0.2750552974669737,30.942876640903524,0.0,3506.230548327274,701.2461096654548,1.0043000083919449,-6.812259486178448,23.855561857258103,0.0,4280.998712210875,713.4997853684791,1.021849291648932,-11.01471127934068,19.65311006409587,0.0,4887.70559259268,698.2436560846685,1.0,-17.077779027638172,13.590042315798378,1.0,5585.949248677349,698.2436560846686,1.0,-20.24742016713225,10.420401176304296,1.0,698.2436560846686,8.677945798822305,0.0124282486825344,6.0,0.05,0.0,0.0,1.3641751780489678e-06,3,01-09_gambiae
gambiae_female,sf2_data_final/2024-01-09_330025_gambiae_female/002/4_009.wav,6408.0,OK,0.0348299319727891,16.0,1411200.0,44100.0,2.0,2024.0,1.0,9.0,21.0,26.0,37.0,69.4,32.0,0.0,30.7,1009.8,630.0,658.2089552238806,645.99609375,645.99609375,634.3325001281078,0.0772852044001609,2.7630106127675744,0.023219954648526,642.8617967830359,1251.5330612498458,80.40195301436874,1896.3939241766325,2066.9355309089724,2585.886083663128,941.446998285576,-0.0022783787055939,2.6571169211335,3.0171935049301704,7.940035842318688,7.897094531465411,2.981736158698277,9.40561681510693,6.354468384443962,2.338890889478768,3.7254297704296975,1.9191941675845807,2.682842268171852,5.55417069960142,9.533276066199845,10.692711644493514,6.792907176889151,2.9964907449466875,1.2252509316539828,0.9566557319521204,0.8794810171622709,0.741329748108542,0.9511865097632104,0.744150197496189,0.806755591599075,0.9346679261449048,0.6192433232225387,1.374739095966696,OK,630.4689593524452,630.4689593524452,0.9812174018151844,5.81488480468272,43.58797790012544,0.0,1257.9640229185432,628.9820114592716,0.9789032210347812,0.0,37.77309309544272,0.0,1899.9331800423736,633.3110600141246,0.9856406467435542,-13.551161228237198,24.22193186720552,0.0,2592.8565769671213,648.2141442417803,1.0088347554589343,-18.89963459305203,18.873458502390687,0.0,3230.792502874527,646.1585005749055,1.0056354967040857,-24.87902715875012,12.8940659366926,0.0,3765.581353198293,627.5968921997155,0.9767475191546096,-28.6318857112545,9.141207384188217,0.0,4781.215677837868,683.0308111196954,1.0630209590888502,-24.99161350574727,12.781479589695447,0.0,5140.299861670786,642.5374827088483,1.0,-37.77309309544272,0.0,1.0,642.5374827088483,18.2161391535871,0.0283503136296273,7.0,0.05,0.0,0.0,1.0868899456302946e-05,668.1818181818181,658.2089552238806,86.1328125,645.99609375,86.1328125,0.0571493161782289,1.0836493028203704,0.023219954648526,49.081244011681335,642.6621416262832,1251.6877493700636,1896.4165041929616,2068.1801010001377,2587.662610114104,951.046686758775,-0.0022783787055939,17.611244881385435,5.444823920099014,6.254753176453658,5.359223723211066,2.0033373724515293,6.390708957281655,4.263736832331194,1.5372482348840075,2.476172479636932,1.3202533287119471,1.812748258356664,3.813818023047986,6.471440295226716,7.230935237862928,4.614628444326236,2.062665822767542,0.8331988722349976,0.6504314046114054,0.6117817971598846,0.5093134789446901,0.696086440825638,0.5405414431032745,0.570566953905575,0.6268078591526461,0.4516474373806992,0.9634644361931846,OK,632.3631347794095,632.3631347794095,0.9677760885620372,4.296058187008953,39.58436071859859,0.0,1258.716284956727,629.3581424783633,0.9631772124806858,0.0,35.28830253158964,0.0,1899.424874591627,633.1416248638757,0.9689674990783884,-12.484058156224862,22.80424437536477,0.0,2600.205162162983,650.0512905407458,0.9948462532428952,-17.11988012798616,18.16842240360348,0.0,3229.0228989890647,645.804579797813,0.9883470364384817,-21.95171300614844,13.336589525441198,0.0,4086.0583941124623,681.0097323520771,1.0422254220722056,-21.165044634891164,14.123257896698473,0.0,4915.423910431199,702.2034157758856,1.0746604881253057,-23.12680230625476,12.161500225334883,0.0,5227.35076638648,653.41884579831,1.0,-25.016855821805848,10.271446709783788,1.0,653.41884579831,25.75692656755429,0.0394187078214524,7.0,0.05,0.0,0.0,5.73609698525009e-06,1191.891891891892,658.2089552238806,86.1328125,645.99609375,86.1328125,0.0233485302180262,0.8808366820118788,0.023219954648526,49.75230469915784,606.5966585789841,1251.7011821391652,1896.6614500884343,1978.632990177456,251.18268663786847,829.8606295191527,-0.0022783787055939,9.904464564286243,2.9814425488142096,2.693508601870906,1.9779269714592904,0.8434604491471624,2.196299207387392,1.4383601700994455,0.482459560059056,0.7631689392049135,0.4801629719839893,0.7138778090803627,1.3956226353879062,2.211491020045937,2.3859625892152967,1.5377304286800335,0.6387950206150868,0.2761096566316388,0.254703000210615,0.2516158328238259,0.2235767285390583,0.2623088634550998,0.2419804231361694,0.2345046551834816,0.2611163369874711,0.1535674859163837,0.2984300431148432,OK,635.5613150672438,635.5613150672438,0.9718813293746164,2.3929414045992985,39.07218794899345,0.0,1260.1428389591465,630.0714194795731,0.9634863454519264,0.0,36.67924654439416,0.0,1902.9834928671287,634.3278309557096,0.969995122411322,-9.348216977437716,27.33102956695644,0.0,2591.606290350818,647.9015725877045,0.990751681612058,-9.739588778572545,26.93965776582161,0.0,3229.740123568286,645.9480247136572,0.9877643747074124,-12.426490686438356,24.2527558579558,0.0,4080.8985728826046,680.1497621471008,1.0400646473258297,-11.52822482341272,25.15102172098144,0.0,4925.806310877447,703.6866158396352,1.0760564991168344,-13.33542632102019,23.343820223373964,0.0,5231.596046617857,653.9495058272321,1.0,-16.9268713576593,19.75237518673485,1.0,653.9495058272321,25.50667540611142,0.0390040441636942,7.0,0.05,0.0,0.0,9.301108245078163e-07,4,01-09_gambiae
gambiae_female,sf2_data_final/2024-01-09_330025_gambiae_female/002/3_008.wav,9480.0,OK,0.0522448979591836,16.0,1411200.0,44100.0,2.0,2024.0,1.0,9.0,21.0,19.0,22.0,69.3,32.0,0.0,31.0,1009.7,648.5294117647059,648.5294117647059,645.99609375,645.99609375,647.4107125296479,0.0697617800461381,2.666792396079841,0.0464399092970521,645.7538277219677,1325.1002365676377,1948.645635724572,126.14359809641267,2588.220540709105,256.6741376328702,983.6193955720124,-0.0022591466115018,0.8635212230753108,1.1840704112051963,6.12662075291758,9.78470694069834,1.3255270481453063,5.872469658508016,6.601862612650937,1.000234621254614,3.072984057245591,0.8447266244660712,0.8410874235986812,1.294939024616148,5.83587811420458,13.482307360525002,6.778606574800047,1.3060962639739415,0.819044178524992,0.678069610868239,0.481177771976374,0.3100303017942432,0.5764664491557268,1.0932357647491242,0.3308997029496843,0.3870699036023875,0.2732014245849973,0.2586737151661615,OK,648.0938398587388,648.0938398587388,1.0003081902096156,4.13413431807173,39.922617068214585,0.0,1318.2039066672537,659.1019533336269,1.0172987946413556,0.0,35.788482750142855,0.0,1960.019372770214,653.3397909234046,1.0084051161371446,-10.426499709775992,25.361983040366862,0.0,2598.3442518240427,649.5860629560107,1.0026113798004106,-21.048879439323848,14.739603310819009,0.0,3266.9443422779286,653.3888684555857,1.008480865441299,-19.841917165142966,15.946565584999888,0.0,3927.932865915483,654.6554776525805,1.0104358285587156,-22.16121763743112,13.627265112711736,0.0,4319.652143527757,617.0931633611082,0.9524598252114576,-27.320748312614867,8.467734437527987,0.0,5183.153321761207,647.8941652201509,1.0,-26.43579446358256,9.352688286560294,1.0,647.8941652201509,12.998794265961704,0.0200631445130313,7.0,0.05,0.0,0.0,9.752134145754906e-06,658.2089552238806,639.1304347826087,645.99609375,645.99609375,647.3528787657907,0.0509458550346415,2.2428550912678555,0.0464399092970521,645.6433533076274,1325.0333358311652,1974.2171395195985,2587.901864908867,3271.012452260957,383.1252877042496,1124.1034984520215,-0.0022591466115018,2.168213183585751,2.0007329601319994,4.437956715524784,6.729687391399669,0.9317745866164568,4.023481273356487,4.482361953608588,0.703985002650259,2.103287773493301,0.5749727319272465,0.5590052639619583,0.8956972752049631,3.977648536145371,9.197202560239344,4.59641798639083,0.8738461956408985,0.5436969397514021,0.4734362965924261,0.3743772508173498,0.2369413756674411,0.4085582316499322,0.8119338811523309,0.2145652548349626,0.2737861236433495,0.1680271169697002,0.1752812372817174,OK,648.325731278187,648.325731278187,0.9928570072688332,2.6158069993918502,40.0258831646086,0.0,1318.7842960912049,659.3921480456024,1.009804305367312,0.0,37.41007616521675,0.0,1964.2455672017884,654.7485224005961,1.0026929783933107,-7.511607868809207,29.898468296407543,0.0,2595.35017644831,648.8375441120775,0.9936408061125664,-16.272443105162807,21.137633060053943,0.0,3261.2457153530445,652.2491430706089,0.9988653865488404,-17.30393259656265,20.1061435686541,0.0,3939.5689142248552,656.5948190374759,1.0055204283385857,-20.842243699208986,16.567832466007765,0.0,4555.476327393731,650.7823324848187,0.996619087970552,-24.42941784108081,12.980658324135945,0.0,5223.920274776418,652.9900343470523,1.0,-29.77901473352987,7.631061431686881,1.0,652.9900343470523,3.807803610889818,0.0058313349524504,7.0,0.05,0.0,0.0,5.090244182307894e-06,678.4615384615385,639.1304347826087,645.99609375,645.99609375,647.0476988391617,0.0202806882116418,2.379853684775803,0.0464399092970521,645.4638311338017,121.31073935517712,1325.2519286744298,1948.4894132093705,2589.075146886008,3271.71481756508,1187.6330920439204,-0.0022591466115018,1.1239676773529512,1.166264606741729,1.7182050004842202,2.386413904260547,0.3704861909055513,1.41410120621637,1.496533483042511,0.2349380763491962,0.5572072688828094,0.201049031817084,0.2589538515738379,0.3526087458189894,1.3841977938013248,3.019695052060928,1.5365034697040751,0.2956789251239524,0.1872013290366803,0.1944055518589038,0.1489818772548731,0.096842102097012,0.170324389566299,0.309981959361843,0.126609328043378,0.1399116421579339,0.1087696234275564,0.0949503543415637,OK,647.1412786374527,647.1412786374527,0.9910181900117844,6.492963907832966,36.377757476488185,0.0,1318.873087752822,659.4365438764111,1.0098468938899892,0.0,29.88479356865522,0.0,1959.675067502924,653.2250225009747,1.0003347040886132,-6.961543463633436,22.923250105021783,0.0,2607.499432717313,651.8748581793283,0.9982670915804548,-15.019412006582506,14.865381562072711,0.0,3274.6620832598064,654.9324166519613,1.0029493706490744,-13.851282703952364,16.033510864702855,0.0,3930.570354296253,655.0950590493755,1.0031984377069572,-11.223223492574052,18.66157007608117,0.0,4545.380217632099,649.3400310902998,0.9943853120731254,-16.008117866969855,13.876675701685365,0.0,5224.051668555205,653.0064585694006,1.0,-18.328627620219777,11.556165948435442,1.0,653.0064585694006,3.752882307255709,0.0057470829851782,7.0,0.05,0.0,0.0,7.867170602872243e-07,3,01-09_gambiae
gambiae_female,sf2_data_final/2024-01-09_330025_gambiae_female/002/1_035.wav,11528.0,OK,0.0638548752834467,16.0,1411200.0,44100.0,2.0,2024.0,1.0,10.0,0.0,35.0,50.0,68.2,32.0,0.0,33.6,1009.4,595.9459459459459,595.9459459459459,602.9296875,602.9296875,601.0142286759901,0.0513597596074717,3.215884012600462,0.0580498866213151,600.5666220214086,1195.6726413547212,1770.3039978051388,2367.9109543886857,2961.626233536971,50.08297912517302,1092.3421414430582,-0.0019603025026413,0.4577499247585878,0.9446367061318244,1.6030526777064906,3.2329771472719213,0.9870480618374008,8.372274198312617,0.9699136431992376,2.507983665995802,1.0774255885904016,0.5351331947570148,0.8273314883890184,4.392428993712204,9.305681265100066,3.4329779708602137,0.8781013687013666,0.5680158118584263,0.6013654612470614,0.3390340445973665,0.7459495196892506,0.9669366792763786,0.3634676605804348,0.4020383379259215,0.2592709360804698,0.1862928921060286,0.7112217219207612,2.557054870281057,OK,598.5010497280321,598.5010497280321,1.0077859806894764,4.816106790615578,40.60871802724082,0.0,1189.882464872386,594.941232436193,1.001791782413364,0.0,35.79261123662524,0.0,1779.53661344173,593.1788711472433,0.9988242303919924,-5.721901545043384,30.070709691581857,0.0,2370.587096537637,592.6467741344094,0.9979282588475074,-11.340496666602244,24.452114570023,0.0,2957.9871454519607,591.5974290903921,0.9961613192159944,-17.00230921779524,18.79030201883,0.0,3559.479805275056,593.2466342125093,0.998938333228094,-24.09901879832269,11.693592438302552,0.0,4156.003101092021,593.7147287274316,0.9997265341677424,-23.535038017275745,12.257573219349496,0.0,4745.522809444309,593.1903511805386,0.9988435610458286,-27.856120499728377,7.936490736896864,0.0,593.8771338320937,1.955980864004936,0.00329357833898,8.0,0.05,0.0,0.0,5.15990276736292e-06,595.9459459459459,580.2631578947369,602.9296875,602.9296875,600.9905296675225,0.0388551442743947,3.1446235043564537,0.0580498866213151,600.5038085098204,1195.3897562611346,1770.3485657676863,2368.466535728674,2961.8375199603715,4137.083843906616,1273.4746327283349,-0.0019603025026413,2.991166413989625,0.9258216595557076,1.193558759510936,2.214643487395929,0.6402191703641208,5.6860004416154535,0.6386470777765731,1.6832716748815668,0.7069174173157138,0.3556058568872664,0.5428602776936692,2.9736901421767445,6.368029123008734,2.3018371457691225,0.5715331336682662,0.394472988872064,0.4151220460888496,0.1915877980977765,0.492706933628524,0.6565845857247793,0.2301018469773141,0.2815541291908529,0.2065447427545185,0.1256186581244664,0.4624129770330004,1.7414317279516394,OK,599.0165106684822,599.0165106684822,1.0084734290580155,2.9189276509626865,39.59133619262805,0.0,1190.4530204162515,595.2265102081258,1.002092778955197,0.0,36.67240854166536,0.0,1779.9151204347058,593.3050401449019,0.9988578906524868,-4.457857113510521,32.21455142815484,0.0,2372.12031509854,593.0300787746348,0.9983949798128134,-9.726061195573507,26.94634734609185,0.0,2959.54613245211,591.909226490422,0.9965079704793544,-12.985355817586616,23.687052724078747,0.0,3560.7741472150874,593.4623578691812,0.9991227426925058,-17.98370486283532,18.68870367883004,0.0,4151.454898653139,593.064985521877,0.998453747019496,-17.502719695494516,19.16968884617085,0.0,4742.822109929006,592.8527637411257,0.9980964613301312,-23.1236595739472,13.548748967718169,0.0,593.9834341773438,2.089916971633128,0.0035184768654829,8.0,0.05,0.0,0.0,2.904682663608004e-06,604.1095890410959,580.2631578947369,602.9296875,602.9296875,600.7879594537541,0.0172095147128476,3.697953435109558,0.0580498866213151,600.2721274768655,1196.338459111653,1771.074375477627,2368.3122897786234,2961.961089206377,4138.240537634849,1273.7080713428677,-0.0019603025026413,1.6220363215345583,0.5023835515361147,0.5560941286610794,0.8844579269604755,0.2995249767652436,1.9356684010972225,0.266991599032286,0.4572372494205204,0.2462724529524211,0.1488084233310593,0.2423747352308354,1.0889845887438838,2.149517344833744,0.8547195069535142,0.2307678318316022,0.1823775561782538,0.1737408552270841,0.1127894520610299,0.1987784516615643,0.2479698048017781,0.1082375775694582,0.1528659254552163,0.1116979908924161,0.0747904128241715,0.1608487308569807,0.4974688689166074,OK,598.7811934400469,598.7811934400469,1.0079185799944372,5.822995562385074,35.522138488322064,0.0,1191.5914463401757,595.7957231700877,1.0028931867655264,0.0,29.69914292593699,0.0,1780.4465689308604,593.4821896436201,0.9989988536563484,-3.0058188413459703,26.69332408459102,0.0,2372.1192006660453,593.0298001665113,0.998237353855808,-6.607441254628849,23.09170167130814,0.0,2957.7810060199186,591.5562012039837,0.9957568688471538,-10.30179144981771,19.39735147611928,0.0,3558.315576917619,593.0525961529365,0.9982757259665538,-14.774983029903694,14.924159896033297,0.0,4149.942805385885,592.8489721979835,0.9979329690968032,-14.342192598644983,15.356950327292004,0.0,4752.551239082811,594.0689048853513,0.9999864618173684,-19.908783341737383,9.790359584199608,0.0,594.0769476075652,2.1049293251619647,0.0035431930722759,8.0,0.05,0.0,0.0,5.699550291121175e-07,1,01-09_gambiae
gambiae_female,sf2_data_final/2024-01-09_330025_gambiae_female/002/4_033.wav,6408.0,OK,0.0348299319727891,16.0,1411200.0,44100.0,2.0,2024.0,1.0,10.0,0.0,28.0,9.0,68.1,32.0,0.0,33.7,1009.4,630.0,630.0,645.99609375,645.99609375,634.8406930516164,0.0696236694192902,3.005141581276731,0.023219954648526,640.7982128230157,1254.4862508686506,1892.5515103997056,81.82706996808719,2578.4816539768453,2016.318362006067,932.2792735862406,-0.0019400018621964,0.7615762397987181,1.52158582871004,5.78595485182169,7.450213119573442,1.354504915950002,8.713003408763406,4.838729811026707,1.1075489555927656,3.388744729402157,1.019064593648147,1.3641601271439925,3.974565996056267,9.20720027908027,11.156740221700357,5.015966269526835,1.4141664067162505,0.3817554672422092,0.3665346379603541,0.5947827430728804,0.5568526652082404,0.6981864180247894,0.5164208180585239,0.3231563504332125,0.3647731781198494,0.4448756274853352,1.0810464561820463,OK,631.1566574540476,631.1566574540476,0.988095807427304,6.630517707407989,53.07100537914138,0.0,1266.760967053673,633.3804835268365,0.9915772778245806,0.0,46.44048767173339,0.0,1886.554534706384,628.8515115687946,0.9844870282790106,-13.998011683628071,32.44247598810532,0.0,2565.562276114412,641.3905690286028,1.004117321263805,-16.270795293283754,30.16969237844964,0.0,3227.691069293171,645.5382138586342,1.0106105910706753,-21.350244576356943,25.090243095376447,0.0,3897.033521773046,649.5055869621743,1.01682163976011,-23.049585670047023,23.39090200168637,0.0,4490.507580892685,641.5010829846693,1.004290334374515,-27.92877332484067,18.511714346892724,0.0,5110.084691867153,638.7605864833941,1.0,-33.98967920115674,12.450808470576654,1.0,638.7605864833941,7.179070846742513,0.0112390635844735,7.0,0.05,0.0,0.0,8.56281015633916e-06,639.1304347826087,639.1304347826087,645.99609375,645.99609375,634.5822104713081,0.0513388649681915,1.6608403100251126,0.023219954648526,640.8155414884815,1254.467636222595,1892.8267972753729,2546.724947209661,2015.932578528568,3195.7520484539104,906.5757423267544,-0.0019400018621964,6.974521261069587,2.2440616209204034,4.114836883018951,5.101050908836221,0.9374597512200716,5.892376075091372,3.240167632679002,0.7453952638852381,2.274717753287802,0.6982734122606189,0.9136627514074728,2.6873692255628305,6.256623248419572,7.525026951025367,3.395282361544669,0.9298693436765868,0.2593309432828224,0.2878719439019112,0.4500156147965104,0.4489333487838116,0.4753896870884735,0.3805636893217776,0.1963584070556231,0.2394209238705555,0.3207456730691491,0.7304737584127706,OK,630.936982670786,630.936982670786,0.988168117864131,7.127975024436054,53.48733687703177,0.0,1266.4984109606603,633.2492054803303,0.991789501496008,0.0,46.35936185259572,0.0,1887.334108852352,629.1113696174507,0.9853088582797171,-14.586935250729177,31.77242660186654,0.0,2560.321309372083,640.0803273430207,1.002488346260791,-17.771211921730043,28.58814993086568,0.0,3207.880814426564,641.5761628853127,1.0048311111217187,-23.80140309208855,22.55795876050717,0.0,3889.3605064725616,648.2267510787602,1.0152472055944015,-26.185877145757697,20.17348470683802,0.0,4523.819832593513,646.2599760847876,1.012166859383233,-31.29441900678752,15.064942845808195,0.0,5107.932314469083,638.4915393086354,1.0,-37.09967913159208,9.259682721003635,1.0,638.4915393086354,6.966276742580607,0.0109105231842598,7.0,0.05,0.0,0.0,4.471346377007042e-06,648.5294117647059,639.1304347826087,86.1328125,645.99609375,86.1328125,0.0207821657816887,1.476828319834286,0.023219954648526,639.8449434388673,1254.6308106185134,1894.7211674407376,2578.637551276368,2016.830753794958,3233.035748024863,921.7161957359436,-0.0019400018621964,3.76465676354642,1.2318582468663577,1.5649881814172475,1.8420698293552948,0.3999717654741281,2.024917557121018,1.1223317182139123,0.2257094803983442,0.6132357228542683,0.2696675707576157,0.3944326591868525,1.020622738041956,2.1346046649162207,2.528373815285509,1.1747919968592213,0.3500447174905898,0.1126430449384485,0.1286942228240116,0.1843466752610074,0.1688822842221614,0.1908092370597481,0.1696147125986808,0.1115064565895792,0.1387918560792779,0.1330890667650541,0.2187184935859246,OK,634.1334117197758,634.1334117197758,0.9905029112938036,6.218106411105026,50.6063622409909,0.0,1266.8558407057326,633.4279203528663,0.9894009487731388,0.0,44.38825582988588,0.0,1894.277577687852,631.425859229284,0.986273771849724,-11.625579388895886,32.76267644098999,0.0,2568.0938739790786,642.0234684947696,1.002827012281812,-12.509117501680343,31.87913832820553,0.0,3251.084593792899,650.2169187585798,1.0156250074510544,-17.486112173624537,26.90214365626134,0.0,3895.932527854184,649.3220879756973,1.014227300786842,-17.662286570492057,26.72596925939382,0.0,4486.617599934745,640.9453714192493,1.001143047563624,-23.14623964994911,21.24201617993677,0.0,5121.708614800255,640.2135768500318,1.0,-33.97840724124165,10.40984858864423,1.0,640.2135768500318,7.04151544579533,0.0109986974666186,7.0,0.05,0.0,0.0,7.315714659246927e-07,4,01-09_gambiae
gambiae_female,sf2_data_final/2024-01-09_330025_gambiae_female/002/1_043.wav,6920.0,OK,0.0377324263038548,16.0,1411200.0,44100.0,2.0,2024.0,1.0,10.0,1.0,50.0,58.0,67.5,32.0,0.0,36.9,1009.1,531.3253012048193,518.8235294117648,516.796875,516.796875,531.619747046826,0.0613759880378509,3.0867685259405,0.0348299319727891,557.2635188305971,1073.8719520730483,1553.249558239247,80.43031531575419,868.0958339738487,2069.33754140766,708.1285473852266,-0.0018217302369669,2.477713586193069,8.134333847903443,8.21725692827641,5.528268643914678,10.351351701467756,6.838435530119107,6.135214770023039,4.8475005030430935,3.7508943336753866,5.045175961471418,12.244253360423174,10.915501767297352,5.955168761460373,2.964135318731437,1.7907382142600368,1.1441139901849908,2.0787134488576595,1.4894258462579602,1.5119238109010662,0.9924182312182536,0.9602309935931912,2.619131221364908,4.881753473158506,4.990147144212918,3.558746656315393,1.904871791136693,OK,556.1358039817954,556.1358039817954,1.057968045219667,0.1446028036767472,30.651162201102224,0.0,1067.2700148663,533.63500743315,1.0151635295419907,0.0,30.50655939742548,0.0,1563.5785153151944,521.1928384383981,0.9914941000331844,-8.747387881820213,21.759171515605264,0.0,2078.146364954217,519.5365912385544,0.9883433289447676,-18.11265856336466,12.393900834060814,0.0,2567.840645275332,513.5681290550664,0.9769891916566764,-16.850021176708232,13.656538220717245,0.0,3159.0257347620204,526.5042891270034,1.001598367843441,-19.85546222600784,10.65109717141764,0.0,3582.6878572289106,511.8125510327015,0.9736494580246144,-22.14560870895785,8.360950688467625,0.0,4183.419729245485,522.9274661556856,0.994793978735658,-17.170706032169228,13.335853365256249,0.0,525.6640845577944,13.20971071264946,0.0251295667722132,8.0,0.05,0.0,0.0,9.944325518937638e-06,551.25,518.8235294117648,86.1328125,516.796875,86.1328125,0.0477358183322032,2.179838842533881,0.0348299319727891,39.09810555596128,557.0027963565724,1073.9630728264108,1553.5120680162322,867.875474993575,2547.933676800453,869.1196816867734,-0.0018217302369669,11.780064980885848,7.601035789561228,6.219854162719683,4.041466559069142,7.221024923074166,4.7609647277205935,4.1429323306129495,3.476858750454082,2.661162875174779,3.508913275490771,8.401897050793137,7.477548480567598,4.0930715598489735,2.0627075338982555,1.2021752156821,0.7839264275358001,1.441621827367285,1.0137565572843323,1.056882861103006,0.6942763375937978,0.6493523319637587,1.7340245883713583,3.2279736635743337,3.3480101090975403,2.4176836992276685,1.3429390382482846,OK,559.4347503785413,559.4347503785413,1.0614376632237004,-1.1194490632532883,29.305758104936388,0.0,1067.689233316736,533.844616658368,1.0128844910813846,0.0,30.42520716818968,0.0,1564.1676795151163,521.3892265050388,0.9892523870514804,-8.46525079811601,21.959956370073662,0.0,2076.5108849391445,519.1277212347861,0.9849615437175602,-17.985134690651602,12.440072477538074,0.0,2566.871457240707,513.3742914481414,0.9740453339824204,-14.931106845901397,15.49410032228828,0.0,3151.1048589545267,525.1841431590877,0.9964526324110632,-20.7533974014955,9.671809766694174,0.0,3622.152546445426,517.4503637779181,0.9817790271180744,-24.16945361137888,6.255753556810802,0.0,4213.002084476553,526.6252605595691,0.9991869214143168,-16.862204680305414,13.563002487884262,0.0,527.0537967151813,13.567357240929256,0.025741883135055,8.0,0.05,0.0,0.0,5.420025935074171e-06,1191.891891891892,518.8235294117648,86.1328125,516.796875,86.1328125,0.0206346602034126,2.3462285046627875,0.0348299319727891,39.58722670424768,555.9249959782576,1073.671249988895,1552.933286265525,2578.348517798251,2069.6187293683724,946.9062482258772,-0.0018217302369669,6.406105453530869,3.532130660263405,2.9070037567777294,1.7008869338165125,2.5647442103036004,1.831783217286476,1.3659217272380122,1.165279188515315,1.1126470688012626,1.4879425569749984,2.8926681671265126,2.591358597410955,1.484818391007285,0.757716249618607,0.4416288401145172,0.2812694077778888,0.4541384253874915,0.3224539689415202,0.3802754136407016,0.2329194096452505,0.1934623487801647,0.5065858651885166,0.9741544111441895,0.9081223900436164,0.6659878759262676,0.3985096858731077,OK,562.3877169853135,562.3877169853135,1.0696940135545296,-0.8696429108116455,28.831201569852045,0.0,1066.0799405504415,533.0399702752208,1.013872899367712,0.0,29.70084448066369,0.0,1562.7318456695086,520.9106152231695,0.9908021634757412,-7.643512817591482,22.05733166307221,0.0,2079.791032018569,519.9477580046423,0.9889707532733856,-13.648782244185696,16.052062236477994,0.0,2567.729342452036,513.5458684904072,0.9767939885930972,-12.18418879332732,17.51665568733637,0.0,3145.5109040729217,524.251817345487,0.9971573234487888,-17.69251048802363,12.00833399264006,0.0,3568.2441562353742,509.74916517648205,0.969572438969078,-23.17780439835773,6.523040082305961,0.0,4177.1027335869785,522.1378416983723,0.9931364193176666,-18.98802364717863,10.71282083348506,0.0,525.7463441498869,15.300372963565982,0.0291021956382904,8.0,0.05,0.0,0.0,8.861656029834054e-07,1,01-09_gambiae
gambiae_female,sf2_data_final/2024-01-09_330025_gambiae_female/002/3_029.wav,9480.0,OK,0.0522448979591836,16.0,1411200.0,44100.0,2.0,2024.0,1.0,9.0,23.0,56.0,46.0,68.5,32.0,0.0,31.1,1009.7,658.2089552238806,658.2089552238806,645.99609375,645.99609375,654.250322680112,0.0870619187953682,2.999346975114213,0.0464399092970521,650.5610662908541,1331.368324989291,1989.724610791102,44.577352651043846,3349.974328000497,2663.030389866244,1241.495762423335,-0.0020958737000289,0.3469340550076099,0.2751367855119679,6.920633799143036,9.859168438783565,0.5653434223009082,4.7494261660514905,9.632329254921544,0.5234457509209729,3.9917985465520727,0.6254636303608283,0.6727811159263708,0.7292472317359805,4.7815213855987,14.40151866541547,10.113008820148153,1.5718257536218794,0.4695664621169451,0.2603854507322991,0.2934286027757201,0.2576327755859063,0.2636978366994167,1.7833995225141168,0.5912230536852531,0.1914215023366039,0.3532719675804287,0.1727456425217805,OK,653.2679290907186,653.2679290907186,0.9847026229738036,4.897112102528986,49.96635264305739,0.0,1327.387894597476,663.693947298738,1.0004182689123686,0.0,45.069240540528405,0.0,1996.9853823203955,665.6617941067984,1.0033845004189494,-10.442193341108016,34.62704719942039,0.0,2652.816181974075,663.2040454935187,0.9996798160186676,-25.9105694508684,19.158671089660004,0.0,3340.573892415645,668.1147784831289,1.0070820034524268,-22.172063119110472,22.897177421417933,0.0,3999.337622582668,666.5562704304447,1.0047327882237838,-24.80318844447984,20.26605209604857,0.0,4643.915225720572,663.4164608172244,0.9999999999999998,-31.70039956406624,13.368840976462169,1.0,5307.3316865377965,663.4164608172246,1.0,-38.444636182419245,6.62460435810916,1.0,663.4164608172246,4.831992861807534,0.0072834985973294,6.0,0.05,0.0,0.0,1.682254595733765e-05,668.1818181818181,658.2089552238806,645.99609375,645.99609375,654.1931318122654,0.0618698549167179,2.014697511613757,0.0464399092970521,650.5783810711102,1331.3950997118957,1989.4886620597777,3323.680357858891,2633.5611865729084,4000.788446048917,1249.341874525168,-0.0020958737000289,5.407295621013752,0.6481788701622708,4.812046244559034,6.767062639839312,0.3979502394528069,3.2145451905463207,6.504607692566497,0.328502738700933,2.6843042245386224,0.4466189879782605,0.4595100768282183,0.5085628414361869,3.229932948176678,9.746350833492912,6.823265750229011,1.0837173798499162,0.3019240793932821,0.2209198018049325,0.2060679919199352,0.1706747238804205,0.1718582573325489,1.2577182762803432,0.3954520947374867,0.1298851410083943,0.2650507139190642,0.1229018105442343,OK,654.9086842472524,654.9086842472524,0.9876652091654567,2.12853399842993,48.42638130465551,0.0,1327.575993821677,663.7879969108385,1.0010560656467786,0.0,46.29784730622558,0.0,1996.649125339197,665.549708446399,1.0037128958799255,-9.742752854508645,36.55509445171693,0.0,2647.477676565008,661.8694191412519,0.998162666063481,-24.565076606739456,21.73277069948612,0.0,3334.944722393212,666.9889444786425,1.0058834020756984,-21.87015040578015,24.427696900445422,0.0,3992.529859131558,665.4216431885931,1.0035197611686597,-24.024826518310988,22.27302078791459,0.0,4641.614129148474,663.0877327354963,1.0,-29.199291942540853,17.098555363684724,1.0,5304.70186188397,663.0877327354963,1.0,-38.2513450564317,8.046502249793875,1.0,663.0877327354963,3.991645599900792,0.0060197850191462,6.0,0.05,0.0,0.0,8.223506786938136e-06,689.0625,648.5294117647059,645.99609375,645.99609375,653.6210027182179,0.0230076966911689,1.8986446042975296,0.0464399092970521,650.1970326267057,1331.4125687742371,1989.6660139292944,3348.780517005379,2665.112680475256,206.0333644861576,1200.3076648432732,-0.0020958737000289,2.790837322638373,0.3500501093126718,1.6734567109282612,2.3776115241426057,0.1764441533324648,1.1405482126267423,2.09556156801192,0.1449754392305951,0.7278912384948397,0.1396922343300602,0.1987073473974433,0.1929242162019934,1.1439804883594928,3.1743293206415144,2.2058616533941,0.3578126749920862,0.1325945686040765,0.0992101290498078,0.0999694465335279,0.101018804389177,0.0911769294887439,0.5005375736812306,0.1853043737570837,0.0752852865054989,0.1597086001178804,0.0793939875162459,OK,652.5655030061109,652.5655030061109,0.9835461981911352,7.022961600968202,43.53026501585913,0.0,1327.584486432058,663.792243216029,1.0004671319528469,0.0,36.50730341489093,0.0,1997.2447255774305,665.7482418591434,1.0034152115253034,-7.045227000634547,29.46207641425638,0.0,2659.042433226701,664.7606083066753,1.0019266510340403,-19.694488455707862,16.81281495918306,0.0,3340.5967313415526,668.1193462683106,1.0069889381725252,-14.20286657313738,22.304436841753542,0.0,3995.447483511641,665.9079139186068,1.0036558691241486,-16.75936731361657,19.74793610127436,0.0,4644.376166004022,663.482309429146,1.0,-23.22721591159017,13.280087503300756,1.0,5307.858475433168,663.482309429146,1.0,-31.19015725207637,5.317146162814552,1.0,663.482309429146,5.05679224764309,0.0076215931845928,6.0,0.05,0.0,0.0,1.0552663904187891e-06,3,01-09_gambiae
gambiae_female,sf2_data_final/2024-01-09_330025_gambiae_female/002/2_015.wav,6408.0,OK,0.0348299319727891,16.0,1411200.0,44100.0,2.0,2024.0,1.0,9.0,22.0,4.0,44.0,69.3,32.0,0.0,28.1,1010.0,604.1095890410959,588.0,602.9296875,602.9296875,601.0770673001497,0.052216908985624,2.70299924613652,0.023219954648526,603.6467644238661,1197.694407648082,50.793839319292914,1767.2021738287087,223.2483161470084,2406.821430233557,922.8101526511092,-0.0021765451126552,1.9980067036554108,2.739260426689178,4.084597404612903,4.510508516121597,2.309435388401916,8.17344948283245,2.321929176899417,2.4781214403059946,1.5524459601305345,0.7635984956594006,1.9378253289647385,5.352926049424112,8.87994639971541,4.688898040590802,2.2152746579627443,0.7307954558501002,0.4336860550795182,0.3132517729783483,0.7176920916004881,0.9016291775626206,0.2853350238219047,0.3455218088828763,0.2130471923566169,0.5340397780678187,1.4440196749703866,2.5725403306174988,OK,610.280607689345,610.280607689345,1.017986995068986,-0.8529315797660715,39.52692338656109,0.0,1190.898767030648,595.449383515324,0.9932475667799726,0.0,40.37985496632716,0.0,1778.5491643485254,592.8497214495085,0.9889111645721516,-9.49685575363478,30.88299921269238,0.0,2396.4065790664968,599.1016447666242,0.999339771594566,-16.651056765883105,23.728798200444054,0.0,2954.331714450794,590.8663428901589,0.9856027625775984,-7.297672119813384,33.082182846513774,0.0,3616.082775906016,602.6804626510027,1.0053094681867802,-1.853765796910324,38.52608916941684,0.0,4244.592845056356,606.3704064366223,1.0114645298731062,-8.371353440857568,32.00850152546959,0.0,4787.048245586195,598.3810306982743,0.9981377413468387,-10.645137647896188,29.73471731843097,0.0,599.4974500121075,6.226192560429587,0.0103856864784059,8.0,0.05,0.0,0.0,5.0333292165305465e-06,1191.891891891892,588.0,86.1328125,602.9296875,86.1328125,0.0435431593041526,0.408184987429683,0.023219954648526,603.4770147444577,1197.9778402141544,1767.3458865741222,2406.437745938076,2931.6680076968023,3616.453539270103,1117.8651025827703,-0.0021765451126552,25.526979514429584,4.1606541088179965,3.239186922289395,3.1915672330333136,1.6983944399824735,5.536511694564305,1.5691996142003872,1.6727018971647432,1.0436140963917282,0.4993313263527604,1.3537035403526942,3.627231975493902,6.070795637961825,3.190007364365966,1.4974725284535584,0.4883570693700563,0.3378511975998252,0.2437379820080494,0.5057322209384774,0.6389741804133219,0.1626363495098902,0.2518163533074581,0.1372839601070488,0.3302408536035461,0.9645727208503588,1.7804178287421089,OK,612.0340110235112,612.0340110235112,1.0219757734072843,-2.8032336843205385,40.87274028745208,0.0,1190.4342269200108,595.2171134600054,0.9938948798879294,0.0,43.67597397177261,0.0,1777.1467907309548,592.3822635769849,0.98916124115297,-10.46047233447095,33.215501637301664,0.0,2396.210510092505,599.0526275231264,1.000299429930038,-17.383801772527328,26.29217219924529,0.0,2949.5934012557955,589.9186802511591,0.9850475441534297,-20.00831736018312,23.6676566115895,0.0,3615.496670141514,602.582778356919,1.0061940837623902,-22.13127773034229,21.54469624143032,0.0,4217.546388884172,602.5066269834532,1.0060669260270487,-26.76382186421208,16.912152107560534,0.0,4778.338834165482,597.2923542706852,0.9973601216789112,-25.853528356226683,17.82244561554593,0.0,598.8733069307305,6.5036876631568745,0.0108598723434322,8.0,0.05,0.0,0.0,3.439700473487998e-06,1191.891891891892,588.0,86.1328125,602.9296875,86.1328125,0.0196717581269825,0.3638452010419128,0.023219954648526,602.8992048143897,1197.3733350787254,1768.4085569269075,2962.627627045686,2405.9624776852484,3612.963506008272,1121.8185093358827,-0.0021765451126552,13.417810574900695,2.2014003524305226,1.3286352933167878,1.3643024713374134,0.7733988071958122,1.8984919194583032,0.5606896080065423,0.4320954386389773,0.3414242105606946,0.2312174791740405,0.5393331418326902,1.276533526268696,2.034623757222452,1.1269072680487464,0.5355448124711875,0.2209953641179468,0.1394207726168373,0.0969758403990924,0.1887284626426969,0.2518452460611605,0.1133791333094368,0.1257721787973344,0.0796505474975514,0.1299940149377826,0.2816978378856826,0.5035728742688858,OK,603.5965369046628,603.5965369046628,1.0094418560140608,3.980304404348225,37.42554645454073,0.0,1190.6361307751142,595.3180653875571,0.9955971184414418,0.0,33.445242050192505,0.0,1780.3081932258008,593.4360644086003,0.992449700513962,-8.057982912670823,25.38725913752168,0.0,2390.589178999444,597.647294749861,0.9994924714907218,-13.976765851976204,19.4684761982163,0.0,2950.370898865787,590.0741797731573,0.9868273570136004,-13.442021316622885,20.00322073356962,0.0,3607.731196210065,601.2885327016775,1.0055819994643571,-14.196814484514215,19.248427565678288,0.0,4227.898165495706,603.9854522136723,1.0100922696055172,-17.513174870832454,15.93206717936005,0.0,4786.080386963382,598.2600483704227,1.0005172274563394,-15.971480088002206,17.4737619621903,0.0,597.9507718137013,4.595852169447567,0.0076860042433049,8.0,0.05,0.0,0.0,7.139269655453973e-07,2,01-09_gambiae
gambiae_female,sf2_data_final/2024-01-09_330025_gambiae_female/002/4_025.wav,6920.0,OK,0.0377324263038548,16.0,1411200.0,44100.0,2.0,2024.0,1.0,9.0,23.0,24.0,54.0,68.5,32.0,0.0,27.4,1010.1,595.9459459459459,588.0,602.9296875,602.9296875,598.0430837688234,0.058539392832825,3.6563850323860194,0.0348299319727891,1205.0668024842564,563.4348245896501,1774.195579049863,82.4686026630075,2366.7178567857,1328.8484281396888,819.6610255182729,-0.0020129625832821,1.8333293686872905,3.4963759062637023,3.916947473281342,3.4126808658458287,3.591327429254195,7.368054840780934,1.9862761814505567,3.867805582973321,2.374465841598588,1.595340852940071,2.711415573204306,4.842159369763097,8.891270119662803,2.464929134289449,1.6083034268882124,1.68216240820012,1.357630113751312,0.9019084448414614,1.2773122110545927,2.0482030121554606,0.5832008282469284,0.8590768544795772,0.629720343894061,0.4532875366885054,1.2335137303563466,3.21537589895403,OK,568.9823953846632,568.9823953846632,0.9661198344289088,-4.804649127460799,26.758052668336266,0.0,1206.9434930383711,603.4717465191857,1.0246820087209951,0.0,31.56270179579706,0.0,1783.788471853861,594.5961572846203,1.0096114496469129,-3.979215346257625,27.58348644953944,0.0,2366.538725912428,591.6346814781068,1.0045829276064029,-9.578115125573673,21.98458667022339,0.0,2947.2433665874064,589.4486733174813,1.0008711329017952,-10.51921322538272,21.04348857041434,0.0,3570.1102317005675,595.0183719500945,1.0103283610417295,-13.57898450192691,17.98371729387015,0.0,4045.0323597018346,577.8617656716907,0.9811968136485144,-18.790055673442232,12.772646122354828,0.0,4723.770122277076,590.4712652846345,1.002607472004741,-20.578468304482914,10.984233491314146,0.0,588.9356321113096,10.068566885744293,0.0170962093932895,8.0,0.05,0.0,0.0,7.164213457144797e-06,1191.891891891892,588.0,86.1328125,602.9296875,86.1328125,0.0435731028609177,1.2034113341181236,0.0348299319727891,1205.351176751183,563.7075226606834,1774.3890094038488,212.55299445133835,2366.819012703462,1328.7035527701487,784.5200182469689,-0.0020129625832821,11.744903564798252,4.428050654514496,2.8593139711808915,2.657498388677376,2.5419696536876173,5.073879870512154,1.3161441845748274,2.568145894683872,1.69188322718826,1.0870132259384977,1.8072850132372007,3.3099146640929,6.086839165416681,1.6828618787103922,1.069959046635211,1.1687292962588227,0.9283077523900692,0.643857852274836,0.8942371710293087,1.4838854765951428,0.3939338576901964,0.6225536234017199,0.4079689810872406,0.3148082125218916,0.8249347043020039,2.1803371782708094,OK,570.8137880309652,570.8137880309652,0.9641159755124444,-6.419868334590266,24.87962316940291,0.0,1207.7721498718129,603.8860749359064,1.0199757336689086,0.0,31.299491503993178,0.0,1784.7520463516726,594.9173487838908,1.0048273747041012,-2.5298079066642423,28.76968359732893,0.0,2366.8781468264897,591.7195367066224,0.9994262057501831,-6.482272156091195,24.817219347901982,0.0,2954.407537895579,590.8815075791158,0.9980107576886342,-7.212111708277941,24.08737979571524,0.0,3573.0640992143767,595.5106832023961,1.0058295284777086,-10.313233543459797,20.986257960533383,0.0,4177.41259472998,596.7732278185686,1.0079619917429143,-17.2058405528808,14.093650951112377,0.0,4735.775105382489,591.9718881728111,0.9998524324551052,-18.29532953723693,13.004161966756245,0.0,592.0592569037846,8.90965952944778,0.0150485942505847,8.0,0.05,0.0,0.0,3.923777302798743e-06,1191.891891891892,588.0,86.1328125,602.9296875,86.1328125,0.018297836907897,1.0553083917612545,0.0348299319727891,562.1575152552107,1204.6706363443418,211.1495306998233,1773.861521467359,2367.143100539891,2964.843393493481,1058.2472134675077,-0.0020129625832821,6.470815735995324,2.438975680294276,1.3828623067693908,1.2394783954477877,1.1265784766236155,1.617838617075232,0.4395347779623124,0.7741453187016055,0.6155785253797905,0.4708828982824048,0.7382452490273728,1.2090954498639028,1.898201036065105,0.5825872315095559,0.3555945457714484,0.4244354700681406,0.3365808735303096,0.2228056019543104,0.3033886271615146,0.4925770111784548,0.1604929331318693,0.2911603267278056,0.1523859234301443,0.140006411940961,0.2834361286034482,0.6698252616893628,OK,573.4260852190243,573.4260852190243,0.9664993393290584,-5.0474967435116085,24.58213661311174,0.0,1204.8246538637743,602.4123269318873,1.015355127698738,0.0,29.629633356623348,0.0,1782.757572457446,594.252524152482,1.0016019270707297,-4.098745395490091,25.530887961133256,0.0,2365.9794644601284,591.4948661150321,0.9969539441135664,-9.24825781759132,20.381375539032028,0.0,2951.626612450222,590.3253224900444,0.9949826993969344,-10.46058572201391,19.16904763460944,0.0,3566.7219957531,594.4536659588499,1.0019409479628325,-15.989650953280613,13.639982403342737,0.0,4318.360275195316,616.908610742188,1.03978835298536,-14.890760365331468,14.73887299129188,0.0,4665.147024655961,583.1433780819951,0.9828776614427812,-14.777974739777846,14.8516586168455,0.0,593.3020974614378,12.004561047984746,0.0202334714462474,8.0,0.05,0.0,0.0,6.646402583170968e-07,4,01-09_gambiae
gambiae_female,sf2_data_final/2024-01-09_330025_gambiae_female/002/1_011.wav,6408.0,OK,0.0348299319727891,16.0,1411200.0,44100.0,2.0,2024.0,1.0,9.0,21.0,45.0,38.0,69.2,32.0,0.0,28.7,1010.0,544.4444444444445,558.2278481012657,559.86328125,559.86328125,544.1188986919371,0.0564727432214743,2.685790015477225,0.023219954648526,523.6204543785045,1080.1643372797378,1635.4353676494402,115.36785028516977,2190.240866116796,259.23567470625994,822.0368111176005,-0.0021562444722102,1.1145290307971607,8.04543720880688,7.786448378245525,2.052955399945974,8.417834872150829,4.352439924321975,1.8636006117572617,1.878055112514604,1.2554305994956565,4.249028129427543,8.817889643893963,9.645474612619898,4.316173207442914,1.3225214328150765,0.8194368582070295,0.8519870158696747,0.9260533339716384,1.7616634537936746,0.5712085081844724,0.5111877303434716,0.4289575020125107,0.6607162308651003,1.3367026285278296,2.397136815347422,1.8786814444275288,1.0755272990318818,OK,537.4525012240597,537.4525012240597,1.0029015219791626,4.775617607706735,35.45722574321039,0.0,1086.5042817054014,543.2521408527007,1.0137238130602302,0.0,30.68160813550365,0.0,1634.373807854046,544.791269284682,1.0165958701135325,0.4234703069496959,31.105078442453348,0.0,2180.245225757993,545.0613064394983,1.0170997670587312,-7.287657932610578,23.39395020289308,0.0,2694.9011830230497,538.9802366046099,1.0057523192772413,-16.080892893528464,14.600715241975188,0.0,3215.3854956572286,535.8975826095381,1.0,-30.68160813550365,0.0,1.0,3701.043186816965,528.7204552595665,0.9866072779895316,-22.910207715413783,7.7714004200898685,0.0,4104.201348813195,513.0251686016494,0.9573194305215708,-21.003168541856184,9.678439593647468,0.0,535.8975826095381,10.715409672566848,0.0199952565943448,7.0,0.05,0.0,0.0,5.645999408443458e-06,551.25,531.3253012048193,129.19921875,129.19921875,121.04620183040583,0.0424167042684445,1.976689020795649,0.023219954648526,38.52235430353046,523.4891892398108,1080.114153230283,1635.7380881766856,2189.3253587709846,301.67714135657127,831.3036551275859,-0.0021562444722102,6.550156186070995,7.09319605113975,5.88836969970193,1.424146813728699,5.829897664147683,2.9789350641907744,1.2825461774822935,1.269688672593394,0.8394686123233381,2.964730422645582,6.079030964806139,6.635800041629993,2.951760659840469,0.8873672720298224,0.5560227534324858,0.6178425029072278,0.6164553352706381,1.208507318328247,0.4047172258845722,0.4068465863746135,0.3057085509748128,0.4208736867996623,0.8845849171295982,1.6528847627091527,1.2683860764287067,0.7147376260000493,OK,542.8889790674584,542.8889790674584,0.9922880821423096,3.711650823942847,36.22856087682278,0.0,1088.6770877807642,544.3385438903821,0.994937584993796,0.0,32.516910052879936,0.0,1634.9424392530154,544.9808130843385,0.9961115194283924,2.328364473249508,34.845274526129444,0.0,2178.853546449898,544.7133866124746,0.9956227194874988,-4.871110224911856,27.64579982796808,0.0,2688.888897100588,537.7777794201177,0.9829458727936904,-12.42684105303442,20.09006899984552,0.0,3483.921463672405,580.6535772787341,1.061313909110304,-22.824383378806985,9.692526674072951,0.0,3780.861708196437,540.1231011709195,0.9872326329082676,-22.71207753995132,9.804832512928623,0.0,4331.117456170608,541.389682021326,0.9895476791357428,-22.635379824823183,9.88153022805675,0.0,547.1082328182188,12.89174088796324,0.0235634196574896,8.0,0.05,0.0,0.0,3.140221451758407e-06,565.3846153846154,558.2278481012657,86.1328125,559.86328125,86.1328125,0.0186306382259174,1.8046706460013835,0.023219954648526,39.531834105639966,522.5101955633813,1635.5682053413084,1080.2682424698116,2190.640662934204,299.39553255499635,831.9110633907733,-0.0021562444722102,3.617243326668017,3.442943629760092,2.5560857335388447,0.6543869863451566,2.350434661770504,1.1669878053718534,0.4203837256628124,0.385415282217833,0.3523445056137325,1.2716764695338203,2.369014036084281,2.4325101922589942,1.1104069962059069,0.3321171614469731,0.2174333244806008,0.231163897684113,0.2166467488365689,0.3707163667016859,0.1484785389078591,0.168024005621536,0.1225048218674731,0.1598087992963678,0.2673676702177098,0.4882014290789801,0.3799883140777139,0.2297188000504622,OK,548.7307447231894,548.7307447231894,0.9902819024914498,3.969821374734064,33.56051925562627,0.0,1086.670603341605,543.3353016708026,0.9805448690518576,0.0,29.590697880892204,0.0,1633.776342365001,544.592114121667,0.9828130099149048,0.9956021754801404,30.586300056372345,0.0,2180.6345979035545,545.1586494758886,0.983835423391464,-4.878840238923555,24.71185764196865,0.0,2687.6256020226733,537.5251204045346,0.9700593669845688,-11.059194577636756,18.531503303255448,0.0,3447.752949912396,574.625491652066,1.037013563692971,-17.838700725930696,11.751997154961508,0.0,4093.897104533231,584.8424435047473,1.0554518644727835,-17.46737773933106,12.123320141561145,0.0,4432.925560631881,554.1156950789851,1.0,-25.06167884429387,4.529019036598335,1.0,554.1156950789851,16.71685985923821,0.0301685370179874,7.0,0.05,0.0,0.0,6.099465584460025e-07,1,01-09_gambiae
gambiae_female,sf2_data_final/2024-01-09_330025_gambiae_female/002/3_048.wav,9480.0,OK,0.0522448979591836,16.0,1411200.0,44100.0,2.0,2024.0,1.0,10.0,4.0,1.0,42.0,66.5,32.0,0.0,37.2,1009.0,630.0,630.0,645.99609375,645.99609375,635.1019833384164,0.077181014413691,3.238776599240045,0.0464399092970521,638.2866837262322,1252.8934018569528,1901.6583255357907,2507.278938458503,47.35422562368701,3148.310265191376,1163.2447421955926,-0.0015441977208153,0.4552308597557625,0.5205784588796136,3.368138054852967,5.870027874481269,0.4949446728801699,8.340814915721463,3.331162603612976,0.526721135430622,4.043518841795575,1.8311310069369229,0.4008969730039528,2.044624248010187,8.545851009731606,11.120426344488584,3.2732758540675824,0.8839660307682997,0.3297637445420001,0.3496858667168976,0.2551859814746485,0.3627682717642324,1.832173362682214,0.7598565632266744,0.2894170072990706,0.2713238542052507,0.2038769401834539,0.4250777542696662,OK,629.248235008372,629.248235008372,0.9979353814625592,-0.8733079491271383,43.5614110130918,0.0,1257.3643873599935,628.6821936799968,0.9970376869796368,0.0,44.43471896221894,0.0,1912.4755285440983,637.4918428480329,1.0110090580760347,-7.671286962689905,36.76343199952903,0.0,2515.164849888261,628.7912124720652,0.9972105817194178,-14.95156295959751,29.483156002621428,0.0,3158.4714751209804,631.6942950241961,1.0018146292683785,-21.15159101156165,23.28312795065729,0.0,3767.556590182645,627.9260983637741,0.9958385826741528,-27.91389760426704,16.520821357951895,0.0,4410.116797488626,630.016685355518,0.9991540798198204,-28.19341448464317,16.241304477575767,0.0,5044.400643145092,630.5500803931365,1.0,-33.17686861022571,11.25785035199323,1.0,630.5500803931365,3.045945867670257,0.0048306168889411,7.0,0.05,0.0,0.0,1.2519378489944047e-05,648.5294117647059,630.0,645.99609375,645.99609375,635.3690629168033,0.0548338364948691,1.643830008518489,0.0464399092970521,638.2588921996523,1252.9209017571095,1902.2127776629427,2507.3886771609127,3148.0201325523744,2614.426250151497,935.3368577140365,-0.0015441977208153,6.3266278017625845,1.02780961337603,2.505660223035859,4.098487110035035,0.344157974061906,5.65492727697436,2.26363188662572,0.3651999269708628,2.678170405011533,1.272341629382114,0.2589696744321466,1.3935073655568273,5.771017861147745,7.588237122042568,2.2296021197657003,0.599534450297049,0.2463786361032396,0.2619335165720705,0.152036473044113,0.1965079095708579,1.2991939840390183,0.5344524879954784,0.2016567127682413,0.1918764151167258,0.1292343690861754,0.271118843751862,OK,633.8239388901972,633.8239388901972,1.004072049323426,-3.946046038373261,41.94528718757912,0.0,1257.26727742987,628.633638714935,0.9958498364756369,0.0,45.89133322595238,0.0,1914.1240463441047,638.0413487813682,1.010753058247891,-6.364603180240202,39.52673004571218,0.0,2516.129424187993,629.0323560469983,0.996481464446973,-12.60345851394206,33.28787471201032,0.0,3155.429814112727,631.0859628225454,0.9997346851556108,-18.24241428470792,27.64891894124446,0.0,3772.641958197346,628.7736596995577,0.9960716506867324,-23.118843683873635,22.772489542078745,0.0,4405.682408166003,629.3832011665719,0.9970372556637298,-24.25815461280101,21.63317861315137,0.0,5050.027549853913,631.2534437317391,1.0,-31.133573104783096,14.757760121169284,1.0,631.2534437317391,3.254774407490489,0.0051560501408902,7.0,0.05,0.0,0.0,6.192472937982529e-06,1191.891891891892,630.0,86.1328125,645.99609375,86.1328125,0.0207888351576269,1.3900713729280243,0.0464399092970521,614.5729785608106,1252.932047779688,1901.245710630552,2507.458814459531,3146.9575164128546,2617.8786219431795,942.5274701013992,-0.0015441977208153,3.304306008910764,0.5378769648876709,0.903289129247717,1.5051682216346918,0.1469255968568329,1.8872971367201057,0.7895276287624096,0.1215976640336916,0.7449721583426393,0.4507715059601411,0.1303215454919177,0.5337062536531396,1.9306003252350104,2.422443095591212,0.7562741119681586,0.2194392230965668,0.1200797684613154,0.122781964634632,0.1042243537815267,0.1098318601630155,0.4772830204819382,0.2152495998132181,0.1293794586499019,0.1127630825584238,0.0895214069832269,0.1052047286208363,OK,626.5802075093646,626.5802075093646,0.9949181325690613,-4.030435371416687,34.96711538267384,0.0,1257.2915595459365,628.6457797729682,0.9981979605536696,0.0,38.997550754090526,0.0,1911.5585315677445,637.1861771892482,1.0117588680751155,-6.3218760857803815,32.675674668310144,0.0,2514.879616770075,628.7199041925187,0.9983156593385866,-11.926767712349598,27.070783041740928,0.0,3151.5127005530703,630.302540110614,1.0008286547273606,-16.10913514905175,22.888415605038777,0.0,3765.344370866602,627.5573951444337,0.9964697642443052,-22.617795768444832,16.379754985645693,0.0,4406.308772270763,629.4726817529662,0.9995109604919016,-22.292626687342008,16.704924066748518,0.0,5038.245355053844,629.7806693817305,1.0,-25.90092773150768,13.096623022582849,1.0,629.7806693817305,3.2250770326515905,0.005120952721235,7.0,0.05,0.0,0.0,8.342155221422823e-07,3,01-09_gambiae
gambiae_female,sf2_data_final/2024-01-09_330025_gambiae_female/002/1_042.wav,7432.0,OK,0.0406349206349206,16.0,1411200.0,44100.0,2.0,2024.0,1.0,10.0,1.0,30.0,32.0,67.9,32.0,0.0,35.7,1009.2,531.3253012048193,506.8965517241379,516.796875,516.796875,527.1589477268799,0.0722031041839029,3.6475130769147968,0.0348299319727891,552.2357726371364,1071.484398626012,1547.403953203616,128.1083222032615,2542.2774277448166,2067.473585007806,913.9145349293866,-0.0019017553929333,1.5308538869636386,8.63920298079223,8.162927879293985,3.269508524865861,11.5430811327482,4.716353478998253,4.760453716562553,4.593825913235173,2.269776438996622,3.357124262482857,14.873024599636016,10.83964909551691,4.276484301308501,1.81441842619515,0.7634483523828722,0.8699826421986971,3.471004723545993,1.1862673250028288,0.949527405352366,0.6121403199011173,0.98585498351526,1.8421483232323776,4.9334442835678605,5.0157373424173,2.918761941445156,1.166251220816332,OK,537.9293370951742,537.9293370951742,1.0305454953945452,1.541943897167787,33.001287466116125,0.0,1062.8999301437327,531.4499650718664,1.018132549694906,0.0,31.45934356894833,0.0,1550.784588168464,516.9281960561547,0.990312271802804,0.0311410012801651,31.490484570228503,0.0,2064.706611425586,516.1766528563965,0.9888724926242088,-13.337687206901126,18.12165636204721,0.0,2546.144001020208,509.2288002040417,0.9755620487428364,-10.476065899315373,20.983277669632965,0.0,3074.3515546462045,512.3919257743675,0.9816218498785564,-16.568761566386787,14.890582002561551,0.0,3760.41030964211,537.2014728060157,1.029151079413254,-24.76023694717148,6.699106621776856,0.0,4116.592100160036,514.5740125200045,0.985802212448889,-20.0542124081938,11.405131160754536,0.0,521.9850452980027,10.864662318064974,0.0208141256458071,8.0,0.05,0.0,0.0,1.1425146242670183e-05,1191.891891891892,512.7906976744185,516.796875,516.796875,526.869837831628,0.0551384245365682,2.099035010763702,0.0348299319727891,552.0458445124399,1071.3085747736336,1547.5627159503042,2543.1181315019494,2067.954482265438,3060.2489528716683,934.2440348859634,-0.0019017553929333,7.639354382824534,8.066417311741695,6.727936625901966,2.3376319077368386,8.078896902491895,3.280332488583628,3.196661840805718,3.156283758176672,1.6011974120892294,2.468141989529766,10.296290284673896,7.457842222431536,2.979617504795857,1.327408691633729,0.5418883748864073,0.6179787943707258,2.401787122598556,0.7950370130666343,0.672701243065266,0.4243899945450963,0.6743630105841119,1.294653441427705,3.374441496492317,3.3609973789091963,1.965309698290764,0.7875399157124526,OK,540.180289671509,540.180289671509,1.039323386077163,0.1379268053364413,32.27044109033649,0.0,1063.848672708228,531.924336354114,1.02343867957973,0.0,32.13251428500005,0.0,1550.752041236865,516.917347078955,0.9945647735774088,0.5986294117941426,32.73114369679419,0.0,2066.406186873914,516.6015467184785,0.9939571640325022,-12.963496970326531,19.16901731467352,0.0,2547.6242181934485,509.5248436386897,0.9803413710319442,-9.687042601616524,22.445471683383523,0.0,3073.631976112002,512.271996018667,0.9856269761682668,-14.890428604462954,17.242085680537095,0.0,3609.0643984061926,515.5806283437418,0.9919928858786564,-23.44242230715981,8.69009197784024,0.0,4119.496991166428,514.9371238958034,0.9907547636543272,-19.051726084379005,13.080788200621043,0.0,519.7422639649949,9.903087941094595,0.0190538438524244,8.0,0.05,0.0,0.0,6.176378000028697e-06,1191.891891891892,506.8965517241379,86.1328125,516.796875,86.1328125,0.0224516321198605,2.157463632935748,0.0348299319727891,551.4076833856784,1071.8090504188413,1547.745647582914,2542.2666250356124,2066.2560234292214,3058.4952753895445,933.6272322550494,-0.0019017553929333,4.138167819849532,3.870301358214748,3.087701472818027,1.0812092532504525,2.8858266816442706,1.2530378054050533,0.8860695338995486,0.9883761923437436,0.7291385226072414,0.8445752461324088,3.453936380949999,2.7050613617178167,1.1216673299894346,0.4948733956177107,0.1737680668503574,0.1922230792623353,0.7472697698883022,0.3020119117691706,0.297934199411192,0.148424878773049,0.1914447115824703,0.3527010230655263,0.9450499522516476,0.8872350879622841,0.54186478290649,0.2684756338260678,OK,543.2147026510993,543.2147026510993,1.0496139750633675,2.828563108121777,30.27512973059348,0.0,1062.3765429282005,531.1882714641001,1.026376183114058,0.0,27.4465666224717,0.0,1550.9011178606968,516.967039286899,0.9988975379983008,1.172337578868241,28.61890420133994,0.0,2057.4457113662256,514.3614278415564,0.9938629058845724,-11.39877503205215,16.04779159041955,0.0,2548.002236862878,509.6004473725756,0.9846636121046768,-4.885308037449505,22.561258585022195,0.0,3068.710036981419,511.4516728302365,0.9882405994392814,-8.94567394715224,18.50089267531946,0.0,3492.0240289428066,498.86057556325807,0.9639117445899844,-14.753001720037616,12.693564902434083,0.0,4117.253613085415,514.6567016356769,0.9944334418057584,-10.10395532211376,17.34261130035794,0.0,517.5376048306753,12.812278093815024,0.0247562263577095,8.0,0.05,0.0,0.0,9.6219277371087e-07,1,01-09_gambiae
gambiae_female,sf2_data_final/2024-01-09_330025_gambiae_female/002/1_054.wav,9992.0,OK,0.0551473922902494,16.0,1411200.0,44100.0,2.0,2024.0,1.0,10.0,5.0,50.0,53.0,66.0,30.0,0.0,31.0,1009.7,408.3333333333333,416.0377358490566,387.59765625,387.59765625,403.6821802244298,0.0619421653736046,2.104282128293845,0.0464399092970521,396.26421407562384,817.1062825031202,1244.1621384179466,1644.5902859673106,2495.316407295154,2076.1407448783543,784.3175960250917,-0.0003454771033838,4.589047356773931,11.69702971166082,4.832732335575761,11.504875360714196,3.187139727938644,2.1973766282452414,4.492759143482467,13.980128901703935,12.60594609531756,2.966056160440265,1.1626740734627805,0.8839619933946349,1.3598594472848793,0.9795079773675764,0.9467781286882292,1.048799058695553,2.742856468649048,5.4558986144539965,2.878792511408069,0.7179424429896636,0.4970172097262018,0.3363673585988734,0.7279885978539651,0.2537662357648172,0.3661490267217859,0.4107419193114857,OK,407.9988884401535,407.9988884401535,0.9865268985204008,0.811430303933399,44.50925252435525,0.0,817.8786694848227,408.93933474241135,0.9888008644553044,0.0,43.69782222042185,0.0,1236.9857019414374,412.32856731381247,0.9969959090786162,-7.460034113079239,36.23778810734261,0.0,1648.8123505320982,412.20308763302455,0.9966925036433996,-12.189602009199357,31.508220211222493,0.0,2081.9057394212896,416.3811478842579,1.0067949057289516,-13.706528567068505,29.991293653353345,0.0,2497.108745625132,416.184790937522,1.0063201215686148,-12.136697461459846,31.561124758962,0.0,2921.919922509594,417.4171317870849,1.009299878206892,-13.90756401255684,29.79025820786501,0.0,3336.91862554958,417.1148281936975,1.0085689187978206,-18.985246840455016,24.712575379966832,0.0,413.5709721164955,3.499925993815486,0.0084626974081479,8.0,0.05,0.0,0.0,7.750628068798074e-06,412.1495327102804,408.33333333333337,387.59765625,387.59765625,403.3539338071611,0.047031085192938,1.480632425283977,0.0464399092970521,32.84321800412098,396.2010305534524,817.2157425605681,1244.1810389017674,1644.0755262897212,2494.922464010554,891.8064937242829,-0.0003454771033838,6.828679043911842,9.105308115414193,3.719624391490148,8.50828203065383,2.1283112511493005,1.5181039533741407,3.3618980170603443,10.28671834538149,9.213917896688024,2.17925732438702,0.7919269909608935,0.5671705005164096,0.9289891463011756,0.6636681978485129,0.6485499218822788,0.7544760704582641,1.8011705548653063,3.6940452549799887,1.9558656494021085,0.4632481736025311,0.3493868980210929,0.2139458583636294,0.5067944219913807,0.1881346958955379,0.2586470749602302,0.2780431691304805,OK,405.7992519986522,405.7992519986522,0.9813608635109852,1.4124251512839765,42.4185773464293,0.0,820.4563175404136,410.2281587702068,0.9920714691918376,0.0,41.006152195145326,0.0,1236.720290393646,412.240096797882,0.9969370208912196,-5.496842044956665,35.50931015018866,0.0,1648.1245202522769,412.0311300630692,0.9964316681230444,-10.744430027086974,30.261722168058352,0.0,2083.943899672988,416.7887799345975,1.0079372866356713,-11.750282968908746,29.25586922623658,0.0,2496.4104984894625,416.0684164149104,1.0061952021881515,-9.032627233269604,31.97352496187572,0.0,2920.6589496177544,417.2369928025364,1.009021218074556,-10.86796776889458,30.138184426250746,0.0,3341.2835653235284,417.66044566544105,1.0100452713845354,-16.105692033961304,24.90046016118402,0.0,413.5066590559119,3.9121334447978273,0.0094608716912315,8.0,0.05,0.0,0.0,4.320882956227778e-06,412.1495327102804,408.33333333333337,387.59765625,387.59765625,400.7503663803439,0.0227590637213305,1.5206480810044811,0.0464399092970521,33.04661825210878,395.6991487119847,816.7759040475486,1244.155598266137,2494.8412128526925,2921.908627017514,1158.956457796546,-0.0003454771033838,3.646139903697159,4.796151951422788,2.002454473652797,3.989743000058796,0.7157740268641715,0.4873771751608547,1.7560314987087091,4.877002907776442,4.12294235190555,0.9979246346705788,0.3407295924172883,0.2121112842164652,0.2677899850246987,0.1991877212975019,0.2416226231466113,0.3200870056170613,0.5448779805900686,1.122125612982765,0.5701089895431644,0.1598225620594975,0.1466264122801595,0.1259335777564737,0.2227830033113187,0.0809014319274767,0.1253712376985348,0.1037199109809712,OK,408.61330176116496,408.61330176116496,0.988127984483406,4.738505100693885,40.6158599992626,0.0,817.7336132224214,408.8668066112107,0.9887410218844226,0.0,35.87735489856871,0.0,1237.4187893061523,412.4729297687175,0.9974615192154392,-7.110015813935416,28.767339084633296,0.0,1648.9988668432247,412.2497167108062,0.996921734856796,-9.56272000138312,26.31463489718559,0.0,2080.914547047931,416.1829094095862,1.0064331671995002,-9.324999205446048,26.552355693122664,0.0,2495.565903244501,415.9276505407502,1.0058158881474055,-7.400462367886355,28.47689253068236,0.0,2919.0011744617245,417.0001677802464,1.00840949998926,-8.86766012379243,27.00969477477628,0.0,3334.9416796509045,416.8677099563631,1.0080891842237705,-15.112411199632724,20.764943698935987,0.0,413.5226490673557,3.2527759926076003,0.0078660165288256,8.0,0.05,0.0,0.0,9.654193395123769e-07,1,01-09_gambiae
gambiae_female,sf2_data_final/2024-01-09_330025_gambiae_female/002/3_030.wav,7944.0,OK,0.0435374149659863,16.0,1411200.0,44100.0,2.0,2024.0,1.0,9.0,23.0,57.0,6.0,68.2,32.0,0.0,31.3,1009.7,678.4615384615385,639.1304347826087,689.0625,689.0625,683.4025281958626,0.0738953593532192,3.0086640664723525,0.0348299319727891,685.8066558162567,1373.9986608967115,2023.97031370993,2633.944372586389,3276.87111166379,298.259612403327,1145.603387608574,-0.001956770285201,0.8648452379738549,1.0176854181012855,9.844590758647184,7.439468895743702,1.7711003942732195,4.1451210285594176,12.097872440783584,1.6159711026838128,1.3907102866228902,1.682994539230508,1.4088010349262383,1.5022145878365345,3.9069709898207385,8.835213563834875,13.259950749841323,5.679726542033784,1.3307685272376055,0.7074030869954537,0.6802105624365951,0.7191072161013027,0.5008856040159404,1.4831135345557651,1.233019056549154,0.5316500696538353,0.4635450824973492,0.3495471995422979,OK,680.0742060397423,680.0742060397423,1.0188691312675011,2.959079087728803,37.94672204945758,0.0,1370.6543568331754,685.3271784165877,1.0267389951068242,0.0,34.987642961728774,0.0,2026.1258980153864,675.3752993384622,1.011829353922438,-3.275243919908757,31.712399041820017,0.0,2643.46397711416,660.86599427854,0.99009189805305,-8.28933490083158,26.6983080608972,0.0,3282.868743932955,656.5737487865911,0.9836613697419772,-13.776923259769806,21.21071970195897,0.0,3949.430666701194,658.2384444501992,0.986155372616284,-12.77238144339054,22.215261518338234,0.0,4591.308887314908,655.9012696164154,0.9826538792919244,-15.72699262550234,19.26065033622644,0.0,5339.83558963033,667.4794487037913,1.0,-27.01545454565698,7.972188416071795,1.0,667.4794487037913,11.47442053445534,0.0171906723970873,7.0,0.05,0.0,0.0,1.0484509887949874e-05,678.4615384615385,639.1304347826087,689.0625,689.0625,683.066321122942,0.0546691054548114,2.582158029260532,0.0348299319727891,685.5873394097391,1374.184948441679,2024.0569268373945,2633.8053257477445,3311.4321561474635,260.1956088570634,1164.5270362488238,-0.001956770285201,3.040925357445836,1.6137133234533791,6.896153062149317,5.209784088173887,1.279432977078813,2.855539829463255,8.186605987238474,1.0848303260027832,0.9229008138110651,1.1103039703222295,1.0061980882004948,1.0100377384816863,2.659106282176489,6.07646722524144,9.019007501338224,3.8052475158738366,0.8819518784503888,0.5155634771858268,0.520453379837285,0.5267259913756664,0.3325664939643011,1.0657562802227925,0.8637076343338603,0.4011219254369421,0.3481414137404249,0.2306338489355417,OK,680.8912339109643,680.8912339109643,1.0198295870152152,2.88240680502426,38.88349884838239,0.0,1371.0109567880036,685.5054783940018,1.0267407393566752,0.0,36.00109204335813,0.0,2027.5197530781847,675.8399176927284,1.0122637946005628,0.5250824461167696,36.5261744894749,0.0,2643.4987071117703,660.8746767779426,0.9898490612311142,-2.862819848262156,33.13827219509597,0.0,3287.7386545359573,657.5477309071914,0.9848660071625494,-7.933952939878399,28.06713910347973,0.0,3945.7829729919695,657.6304954986617,0.9849899708368264,-10.78108921599882,25.22000282735931,0.0,4586.919849426937,655.2742642038481,0.981460839797057,-15.785598437426444,20.215493605931684,0.0,5341.2157684403865,667.6519710550483,1.0,-28.17350467042028,7.827587372937849,1.0,667.6519710550483,11.727460212906609,0.0175652296725409,7.0,0.05,0.0,0.0,5.606961106726279e-06,678.4615384615385,639.1304347826087,689.0625,689.0625,682.6838402418522,0.0232241609652292,2.9680548124547736,0.0348299319727891,685.2569630306507,1373.3991161916877,2024.520467083841,2632.9425041802565,259.2269445393078,3276.513408672464,1155.2350505547815,-0.001956770285201,1.725071280284417,0.9756127542377776,2.390228097339877,1.8010822091363463,0.5240349071757874,1.0800800565309625,2.6386023261350786,0.4136806288893777,0.2825705955092319,0.352935943344469,0.3870784099078247,0.3911310835433253,0.923801691007748,2.0067686957567936,2.918134340815844,1.2395675700782542,0.320773248684742,0.2632778889304114,0.2270309589457273,0.2433011793700635,0.1473854627449625,0.455883442159669,0.3405219702844733,0.1979216269250024,0.20918477395009,0.1166918779360798,OK,685.1318969224687,685.1318969224687,1.0257266752806742,6.170130765657454,37.99700242470196,0.0,1368.1384327912697,684.0692163956348,1.0241357118930825,0.0,31.826871659044507,0.0,2027.5321513341505,675.8440504447168,1.011821627317012,-1.591404097230395,30.23546756181411,0.0,2641.698071531771,660.4245178829427,0.9887366914966024,-4.593317386271856,27.23355427277265,0.0,3281.020772825912,656.2041545651824,0.9824182887863392,-8.54497854726824,23.281893111776267,0.0,3947.3478562682967,657.8913093780494,0.984944166948864,-10.57286769736888,21.254003961675625,0.0,4592.487172958065,656.0695961368664,0.982216838277426,-14.69722825081908,17.129643408225427,0.0,5343.582561972413,667.9478202465516,1.0,-26.64275392775629,5.184117731288218,1.0,667.9478202465516,12.27239490703862,0.018373283862965,7.0,0.05,0.0,0.0,9.87101763409252e-07,3,01-09_gambiae
gambiae_female,sf2_data_final/2024-01-09_330025_gambiae_female/002/4_012.wav,8456.0,OK,0.0464399092970521,16.0,1411200.0,44100.0,2.0,2024.0,1.0,9.0,21.0,53.0,48.0,69.2,32.0,0.0,27.6,1010.1,612.5,604.1095890410959,602.9296875,602.9296875,609.2342023938828,0.0644805611378183,2.8265008552276334,0.0348299319727891,609.4477220760201,1208.992458613958,1851.2458385814184,2453.271979895663,43.53305832947343,127.00315230614444,969.0638664396882,-0.0022340294181996,0.6345227226413228,0.9121013126886764,2.459995173874097,6.716066185880218,0.6674842435078375,11.015323025706888,1.910633203036214,1.6117730980470435,1.0421221108918934,0.8405452747410227,0.5487327243084266,3.978798795391913,11.93525239542652,7.582655993017109,1.853062853097044,0.3448767643995423,0.2902795232627236,0.6161847317780201,0.1980138515958147,0.7829293190560428,0.7327955120327022,0.135164023266225,0.2316443602651566,0.1998654104369649,0.2764059169118441,1.5694689543831957,OK,614.397971572848,614.397971572848,1.0019950565780298,1.270474811687862,43.86654353613683,0.0,1212.475413883969,606.2377069419845,0.9886868342224744,0.0,42.59606872444897,0.0,1850.7864336653104,616.9288112217702,1.0061224934097626,-7.52456706001599,35.07150166443298,0.0,2451.6595763433347,612.9148940858337,0.9995763697019872,-12.913466714952538,29.68260200949643,0.0,3053.26582426856,610.6531648537119,0.9958878134001126,-19.659770353410444,22.936298371038525,0.0,3665.2557059891774,610.8759509981962,0.9962511456794751,-24.077343451662006,18.518725272786963,0.0,4267.452117147523,609.6360167353604,0.9942289905628776,-24.70266346821617,17.8934052562328,0.0,4990.021689330832,623.752711166354,1.017251296445281,-25.59436068114853,17.00170804330044,0.0,613.1746534470074,4.997975867028843,0.0081509824956598,8.0,0.05,0.0,0.0,7.628184448549291e-06,648.5294117647059,604.1095890410959,86.1328125,602.9296875,86.1328125,0.0489356955384488,0.990017832724912,0.0348299319727891,609.4073656828358,1208.9371501216228,1851.087377719532,2453.7118743328288,3055.8864403509992,342.04695929960445,1060.856804622489,-0.0022340294181996,9.743320809242146,1.5255868100462215,2.154686661439721,4.716906577353098,0.5575702608545446,7.49081237216041,1.3240601558191456,1.0965044428783086,0.7134979235192879,0.5729305507697229,0.3630825192339762,2.703848240124058,8.138499428605424,5.144375295820438,1.2436628780605998,0.1935252202413473,0.217254179698904,0.4365828630861244,0.1111286205418654,0.5437782638983143,0.4942033947199753,0.0844009267212066,0.1747980338038453,0.1179574196308189,0.1829792902990451,1.053416320415603,OK,618.509350331788,618.509350331788,1.0109240493081115,0.478098714233198,45.05128175418604,0.0,1212.5471132005891,606.2735566002946,0.9909252277237576,0.0,44.573183039952845,0.0,1850.571182815627,616.8570609385423,1.008223461058067,-6.964220226586633,37.60896281336621,0.0,2452.544938337102,613.1362345842755,1.0021419477506126,-11.988219083611623,32.58496395634122,0.0,3053.5014573994645,610.7002914798929,0.9981605148658136,-18.05683778684632,26.516345253106525,0.0,3659.3289268503095,609.8881544750516,0.9968331156452735,-23.338254150714665,21.23492888923818,0.0,4263.926080458279,609.1322972083256,0.9955977029738764,-26.10492134397205,18.46826169598079,0.0,4880.871527896676,610.1089409870845,0.997193980674488,-29.07776255274136,15.495420487211486,0.0,611.8257358256568,3.836532923319407,0.0062706301789381,8.0,0.05,0.0,0.0,4.32475326306303e-06,1191.891891891892,612.5,86.1328125,602.9296875,86.1328125,0.0205378939502415,0.8795721442850625,0.0348299319727891,608.9550569810444,1209.2035489871294,1850.7366073522085,2453.185354150984,3056.172983613125,3661.889020445778,1144.35642613751,-0.0022340294181996,5.058956785531795,0.8433436253039778,0.9118781873429476,1.776551250557849,0.2711078292818382,2.566901574973389,0.4801641767119473,0.3093861220757239,0.2187707280855481,0.2107298420799903,0.1655136444245402,1.014846312632618,2.784826203006798,1.80589651279104,0.4469090355950503,0.1105545361640136,0.1154213259482178,0.2102127564403116,0.0801791401086229,0.2217291838969284,0.1936445925820754,0.0587811030655876,0.1064754604940347,0.0821589951402947,0.077366413410105,0.2957689485276079,OK,615.4189363601226,615.4189363601226,1.0036066521699132,8.235000698914394,38.92035364718413,0.0,1212.9854149987002,606.4927074993501,0.9890500271878372,0.0,30.68535294826973,0.0,1850.6833934763995,616.8944644921331,1.0060128989739323,-3.2766287989020846,27.40872414936765,0.0,2451.2294005489093,612.8073501372273,0.9993477560730284,-5.16033245259359,25.525020495676145,0.0,3055.130353229606,611.0260706459212,0.996442899167874,-8.494559399667185,22.19079354860255,0.0,3663.9284716021407,610.6547452670235,0.9958373529320278,-11.674319301299487,19.011033646970247,0.0,4262.634621272922,608.9478030389889,0.9930537229952284,-15.896677581625156,14.78867536664458,0.0,4987.331276904229,623.4164096130286,1.0166486905001582,-15.980782903499165,14.70457004477057,0.0,613.2073108817244,4.967076105903039,0.0081001580016404,8.0,0.05,0.0,0.0,7.738792646705406e-07,4,01-09_gambiae
gambiae_female,sf2_data_final/2024-01-09_330025_gambiae_female/002/3_017.wav,10504.0,OK,0.0580498866213151,16.0,1411200.0,44100.0,2.0,2024.0,1.0,9.0,22.0,23.0,26.0,69.3,32.0,0.0,28.7,1010.0,658.2089552238806,648.5294117647059,645.99609375,645.99609375,651.369361431733,0.0788869217285658,3.085429937186538,0.0464399092970521,652.0149914012484,1292.3998396554564,41.75829000823824,1980.263065703496,2581.457556011162,3224.004793425758,1196.8071117155473,-0.0022556155519757,0.7766306753556174,0.8889168546328858,7.213134357752694,8.672521217807978,0.878760791949623,4.720753543605076,7.67149155992773,0.5613487575730935,3.4987922273949392,0.6063332882773734,0.7355204361626763,1.1965145157848045,4.748735311584068,12.542749256526353,7.861690818989702,2.4936382167376165,0.3990196172516422,0.3693609160520071,0.6243350937185208,0.3636442927814891,0.3375532791087288,0.9264587334091776,0.3369736008879114,0.3544650716630277,0.3244193759947038,0.2794304549468286,OK,657.7167573869486,657.7167573869486,1.0081760196662006,7.241156466195193,49.85500771134247,0.0,1293.4032988058177,646.7016494029089,0.9912915970042898,0.0,42.61385124514727,0.0,1979.690551182891,659.8968503942971,1.011517758288435,-11.39571504774133,31.218136197405943,0.0,2577.833993148717,644.4584982871793,0.9878532002507228,-15.919526185897112,26.69432505925016,0.0,3213.980708799658,642.7961417599315,0.9853050699680684,-21.68944128590646,20.92440995924081,0.0,3976.363658515833,662.7272764193056,1.0158563548222828,-27.27820891606844,15.33564232907884,0.0,4566.680035925667,652.3828622750952,1.0,-30.2100410579772,12.40381018717008,1.0,5219.062898200762,652.3828622750952,1.0,-39.03885521010948,3.574996035037792,1.0,652.3828622750952,7.946637580916796,0.0121809416531942,6.0,0.05,0.0,0.0,1.374937273794785e-05,700.0,648.5294117647059,86.1328125,645.99609375,86.1328125,0.0576619015240544,2.0232437930744496,0.0464399092970521,34.497748682094304,651.9937288096606,1292.4192713864802,1981.195760622178,2581.889139709323,3225.986864587511,1199.3886648868263,-0.0022556155519757,13.844420525519306,1.8950906212585807,5.258240079031452,5.963970790195227,0.5890866534075058,3.2117161414116424,5.140868822040036,0.3677954160245772,2.34455645354148,0.3971105705910035,0.4912158281967081,0.7585624009835119,3.2172481978355703,8.469224387298917,5.300261516215891,1.6662948957196149,0.2506063655166146,0.2712514137658473,0.4464970883454926,0.2525230043776915,0.2095338594933189,0.6433927912705741,0.2322448314521393,0.2385051640138949,0.191523648368728,0.1910489435052493,OK,658.0583712648348,658.0583712648348,1.0080787049814737,6.667729159727557,45.56949379878887,0.0,1293.4414565235663,646.7207282617832,0.9907105854116386,0.0,38.90176463906131,0.0,1981.7422311500525,660.5807437166842,1.0119427238372083,-7.459770306066609,31.441994332994703,0.0,2578.425505286056,644.606376321514,0.9874716126109052,-11.824141814360456,27.077622824700857,0.0,3220.732278438045,644.146455687609,0.9867670608305974,-16.151955744028882,22.74980889503243,0.0,3975.573729051369,662.5956215085615,1.0150293123281768,-22.31357735249332,16.588187286567994,0.0,4569.493012887818,652.7847161268311,1.0,-25.29669140496282,13.60507323409849,1.0,5222.277729014649,652.7847161268311,1.0,-37.95173218859043,0.9500324504708856,1.0,652.7847161268311,7.7794610280332,0.0119173455441651,6.0,0.05,0.0,0.0,7.064703095238656e-06,1191.891891891892,648.5294117647059,86.1328125,645.99609375,86.1328125,0.0225705377947829,2.223375942503227,0.0464399092970521,34.67352686079839,651.3898742215367,1292.6575799817754,1979.838016838044,2580.5142948234525,3223.21129051158,1198.3887695921233,-0.0022556155519757,7.201118975056226,1.0354016639150598,1.937952177991878,2.126602848013937,0.2696968125236881,1.110876900231536,1.730357007053246,0.1542832633260223,0.6441961923975943,0.1445713516005047,0.2194972483761697,0.3231219795339538,1.1053319965186703,2.777580925322258,1.7703833286502937,0.5637218826432662,0.1161947189689887,0.1161590778935089,0.1958646232430932,0.0991845751245495,0.1011091066325745,0.2741257695507957,0.1206851880590744,0.1365896537636336,0.1286269809064004,0.1071728687806674,OK,657.8629899747518,657.8629899747518,1.0083105959788357,6.276134257378708,39.99434548015548,0.0,1295.627610243963,647.8138051219815,0.9929081493867464,0.0,33.71821122277677,0.0,1978.4635229593189,659.4878409864397,1.0108010149823954,-6.00728172055549,27.710929502221283,0.0,2572.8583725358976,643.2145931339744,0.98585890926938,-9.092168826389816,24.62604239638696,0.0,3214.698684405283,642.9397368810567,0.9854376354229843,-13.407515652490652,20.31069557028612,0.0,3979.9556491347903,663.3259415224651,1.0166836949596578,-16.448165269979334,17.27004595279744,0.0,4567.085725557447,652.4408179367782,1.0,-18.47447838775487,15.243732835021902,1.0,5219.526543494226,652.4408179367782,1.0,-29.786721966188864,3.931489256587909,1.0,652.4408179367782,8.107089612134505,0.0124257854341052,6.0,0.05,0.0,0.0,1.0257557732984425e-06,3,01-09_gambiae
gambiae_female,sf2_data_final/2024-01-09_330025_gambiae_female/002/3_002.wav,6408.0,OK,0.0348299319727891,16.0,1411200.0,44100.0,2.0,2024.0,1.0,9.0,19.0,57.0,5.0,69.7,32.0,0.0,36.8,1009.1,668.1818181818181,639.1304347826087,645.99609375,645.99609375,665.7274634683424,0.0741587942771797,3.303925341715063,0.023219954648526,688.710713124636,1334.9589993209256,90.00049142559122,1940.1932339276543,2621.819501833567,3234.04552312745,1182.772682690371,-0.0023478451862903,2.6699449072758665,3.2625248782391734,7.075761747155475,4.745590310454798,3.250413392672109,4.03836835049578,7.845357723447704,1.7970648338032431,4.039612450243324,3.171707913964459,1.9939338294976707,2.64504653926337,3.8825143511816096,8.26989419485761,8.078317570520715,3.85156158202089,1.6800133741111003,0.9200983380477118,0.7973841649511758,0.4561638023576611,0.9498209326612066,1.0311380086397746,0.4711981847716702,0.4889427172934509,0.2628703708517097,0.2779722015303978,OK,690.3052562605322,690.3052562605322,1.0573150347978533,-5.896670333392152,34.348785355047895,0.0,1335.2925994024365,667.6462997012183,1.0226091489224136,0.0,40.245455688440046,0.0,1944.2755926785285,648.0918642261762,0.992658343192284,-10.24840467392945,29.9970510145106,0.0,2612.970117898219,653.2425294745548,1.0005474266911154,-17.313872387738332,22.93158330070172,0.0,3242.439685942128,648.4879371884256,0.9932649935025132,-13.513217643586708,26.73223804485334,0.0,3879.982253514077,646.6637089190127,0.9904708905188536,-24.83736569250968,15.408089995930368,0.0,4578.452427194996,654.064632456428,1.001806611428597,-21.77582182905041,18.46963385938963,0.0,4916.630029046119,614.5787536307648,0.9413275509463702,-25.30865880803628,14.936796880403772,0.0,652.885122732139,19.89997548032463,0.0304800565787881,8.0,0.05,0.0,0.0,9.739453768512854e-06,1191.891891891892,648.5294117647059,86.1328125,645.99609375,86.1328125,0.0540274683261875,1.5286520402800168,0.023219954648526,689.0556137105242,1334.9892537747758,1940.6355798795323,2620.3154436770296,3234.4227306762955,2237.930602066669,908.7345216741136,-0.0023478451862903,15.826718027619206,5.244147183299356,5.513262399411741,3.4161992185247283,2.251327424258907,2.7908593509349333,5.239176629567144,1.2354806989886236,2.678844675115232,2.152592216338151,1.36954557723635,1.834409064839308,2.6606654358974247,5.52995091513053,5.438128411314255,2.5932426036227327,1.1316349910137191,0.6948295456119422,0.5703030427666643,0.3244640888424747,0.6507238021853827,0.7479681942362422,0.329522314593755,0.4175639784827355,0.223069231526189,0.2264929709065073,OK,694.0590520273396,694.0590520273396,1.052562584548191,-4.496447094930424,34.589689731166104,0.0,1336.5996047461854,668.2998023730927,1.013497864748199,0.0,39.08613682609653,0.0,1947.4069576293884,649.1356525431295,0.9844348231859944,-7.8197179355265085,31.26641889057002,0.0,2610.180111478649,652.5450278696622,0.989605249095588,-12.034986437011629,27.0511503890849,0.0,3247.4462497546738,649.4892499509348,0.9849710648794956,-10.43160347491309,28.65453335118344,0.0,3888.3170645329983,648.052844088833,0.9827927097924786,-20.140636888587387,18.94549993750914,0.0,4579.495255628655,654.2136079469508,0.9921357037500534,-18.193855472724245,20.892281353372283,0.0,5275.194556342792,659.399319542849,1.0,-21.38019264417007,17.70594418192646,1.0,659.399319542849,15.522717980114397,0.0235406945686204,7.0,0.05,0.0,0.0,5.055976240934494e-06,1191.891891891892,630.0,86.1328125,645.99609375,86.1328125,0.020955007733239,1.6475366238183842,0.023219954648526,687.2361802645108,1335.3514116381598,1940.338718279798,2622.3017360183776,3232.485595573402,2237.4087788716624,908.9337456211166,-0.0023478451862903,8.885768933726077,3.228095569047353,2.5249225542308515,1.4950254780467191,0.9435282112541512,1.030164951904089,1.649625321519259,0.407802922000226,0.8234101479508062,0.7784643257124905,0.590788123422164,0.7172620027189589,0.9192845776585796,1.8241130105209653,1.7048210615444297,0.8296419937742304,0.3737419596942258,0.2549568040174134,0.2399352652424405,0.1509476783293907,0.2385871587461006,0.2653517918858128,0.1555033352254249,0.2021404467179834,0.0938594754446561,0.0822998232939353,OK,688.3042368975729,688.3042368975729,1.0525717538886772,-3.793985563262037,30.421415949963727,0.0,1336.6853534414397,668.3426767207197,1.022046045518192,0.0,34.215401513225764,0.0,1944.4771216545803,648.1590405515268,0.9911807330827844,-7.731108031783489,26.484293481442275,0.0,2613.609439070909,653.4023597677273,0.9991989456808504,-11.535413463159475,22.67998805006629,0.0,3238.081473301142,647.6162946602284,0.9903507527280292,-11.453687468670552,22.76171404455521,0.0,3692.843185619111,615.4738642698518,0.9411977582865928,-21.462747850887705,12.752653662338062,0.0,4593.29400809811,656.18485829973,1.0034540108148728,-21.95312420083439,12.262277312391372,0.0,5231.4095213341225,653.9261901667653,1.0,-23.12823458181776,11.087166931408005,1.0,653.9261901667653,20.51730045065861,0.0313755600543025,7.0,0.05,0.0,0.0,7.603283241527e-07,3,01-09_gambiae
gambiae_female,sf2_data_final/2024-01-09_330025_gambiae_female/002/3_024.wav,6408.0,OK,0.0348299319727891,16.0,1411200.0,44100.0,2.0,2024.0,1.0,9.0,23.0,21.0,2.0,68.3,32.0,0.0,27.3,1010.1,612.5,612.5,301.46484375,301.46484375,295.2974280431432,0.0582855769555349,3.103225696381455,0.023219954648526,597.0021137980773,1245.366117022758,127.34589057474236,1857.4682755615584,1723.3345934848546,1637.1009378849924,694.7555946080469,-0.0019723613023922,3.746317960716004,5.8841227666909095,6.283643635044051,5.4304540412824025,4.98479190175834,7.782805494376456,2.7386964027751453,3.532674786564424,4.000777366625005,3.2776160875969347,3.595886737260025,5.726197737704655,7.7327788767315875,5.512127386533639,2.2344163957072456,1.870890071452328,1.405972179361651,1.3432124137032997,1.2266578140753917,1.048133373903787,1.1091305428628226,0.6219218675498044,0.6050087289457826,0.7686188541864091,0.9733041698018428,1.7745281191393378,OK,584.583258055343,584.583258055343,0.9463408472273226,1.631960863435317,26.721991176768324,0.0,1237.2382564875627,618.6191282437813,1.0014391309814503,0.0,25.090030313333006,0.0,1875.713911317707,625.2379704392357,1.012153910518153,-6.558920239262093,18.53111007407092,0.0,2540.044314558379,635.0110786395948,1.0279749101224498,-16.87164260981333,8.218387703519678,0.0,3173.649419728082,634.7298839456164,1.0275197037489034,-10.976959572570534,14.113070740762472,0.0,3699.785714975407,616.6309524959012,0.9982206126681744,-11.750067562500888,13.339962750832118,0.0,4324.110935691686,617.7301336702409,1.0,-16.995920844889532,8.094109468443474,1.0,4874.389310977707,609.2986638722134,0.9863508847335456,-4.200423569377243,20.889606743955763,0.0,617.7301336702409,16.105871768658105,0.0260726665104794,7.0,0.05,0.0,0.0,6.507278158096597e-06,1191.891891891892,604.1095890410959,86.1328125,301.46484375,86.1328125,0.0444361831437285,1.2535838721391732,0.023219954648526,596.9822505716638,1245.0798752315768,1857.3739199617632,1723.7039716467702,1636.9107463098608,3145.5508036771225,841.7269218433136,-0.0019723613023922,15.729293010017184,8.106006722015774,5.497454645976345,4.079389066393883,3.588942744335496,5.3164659087018125,1.8964982982153469,2.3536640127272603,2.639012561318805,2.24601397986069,2.491375268961743,3.91841571374744,5.2440590454617855,3.714156604892576,1.5393792584534118,1.224072630000731,0.9532560300639538,0.9137282703610436,0.7880890837411791,0.7190151895241375,0.7831839415626459,0.4279440109551404,0.4431237543690574,0.5321342427827939,0.663800850738007,1.1689232546019237,OK,585.1244346472483,585.1244346472483,0.9495164897213908,0.1426799117592168,25.356471146618247,0.0,1238.4955503567369,619.2477751783683,1.0048904795945193,0.0,25.21379123485903,0.0,1873.170326869193,624.3901089563977,1.01323525282354,-6.479165957997871,18.73462527686116,0.0,2520.7426621705404,630.1856655426351,1.0226400498545567,-16.56914093909805,8.644650295760979,0.0,3151.994745560319,630.3989491120639,1.0229861578858874,-7.335646942870895,17.878144291988136,0.0,3706.282193972797,617.7136989954662,1.0024010422271796,-12.670920189947095,12.542871044911934,0.0,4279.25154410139,611.3216491573414,0.9920282798453122,-14.36462930441978,10.849161930439251,0.0,4891.92382163617,611.4904777045213,0.9923022480476136,-12.554577628614432,12.6592136062446,0.0,616.2340949117553,13.636011462972812,0.0221279730796548,8.0,0.05,0.0,0.0,3.572354520050188e-06,1191.891891891892,604.1095890410959,86.1328125,301.46484375,86.1328125,0.0195802261752033,1.222204065533866,0.023219954648526,563.8884111479142,1246.0324703437902,1890.741232586876,1722.934630691039,3184.8724223172608,2933.116756026343,995.9108248334152,-0.0019723613023922,8.919938833310736,4.711812433944186,2.8716079958366008,1.872467170727336,1.5388349669398966,1.8530265806321289,0.6170067142770315,0.8096693551898534,0.9158026630705076,0.9141395354736986,0.9865022794002074,1.435811616747057,1.7611878645203072,1.230619649111753,0.477028378028476,0.4335631163736513,0.339683667148129,0.2817194263202215,0.2709384162618303,0.2490569169963494,0.289301846943733,0.1578817307685799,0.1614534877100052,0.205457658768147,0.2015117939058741,0.3337829743552571,OK,590.0381741630619,590.0381741630619,0.9558333547251908,-1.5902346643559009,25.48600115639545,0.0,1238.3049117005569,619.1524558502784,1.0029970854024126,0.0,27.076235820751343,0.0,1875.390836340932,625.1302787803105,1.012680869935965,-6.773441324599123,20.302794496152224,0.0,2522.4450815645905,630.6112703911476,1.0215598117197542,-18.66493815899534,8.411297661756006,0.0,3179.238979987024,635.8477959974048,1.0300427303790982,-12.224194999609892,14.852040821141454,0.0,3702.6574084971903,617.109568082865,0.999687705851126,-13.064876707491194,14.011359113260152,0.0,4278.633925858567,611.2334179797953,0.9901686263884236,-11.40329210969907,15.672943711052277,0.0,4874.366581671798,609.2958227089747,0.9870298155980284,-9.789990419089705,17.286245401661642,0.0,617.3023479942299,13.370065229507263,0.0216588601565342,8.0,0.05,0.0,0.0,6.587724783457816e-07,3,01-09_gambiae
gambiae_female,sf2_data_final/2024-01-09_330025_gambiae_female/002/3_032.wav,7432.0,OK,0.0406349206349206,16.0,1411200.0,44100.0,2.0,2024.0,1.0,10.0,0.0,16.0,47.0,68.1,32.0,0.0,33.2,1009.5,621.1267605633802,630.0,602.9296875,602.9296875,619.6350993289019,0.0461967369557986,3.373703107045092,0.0348299319727891,603.8590931539177,1252.293119394774,1892.300910618144,40.39142532743042,177.61424563686572,2496.5139591618367,981.6086149862632,-0.0019388244563829,1.106804026725014,0.9070033233110414,2.818142219459224,3.499395226744188,1.1930651771342795,6.513455202805045,2.294637439537061,1.186136001629499,2.879987595956233,1.2498113241028157,0.781513253252212,3.00316153211736,6.699484051244325,6.232807271582572,2.296642239402217,1.0231052563968164,0.6998946943120241,0.4580936628911472,0.2975118786503953,0.3533157006511118,0.9552516345475413,0.3478248724422065,0.3161134467837913,0.3081461453957144,0.2710567928346173,0.6826317359767179,OK,605.1727622752876,605.1727622752876,0.967164030527632,1.446884871452177,38.79161766475893,0.0,1256.261574186821,628.1307870934105,1.003854670292329,0.0,37.34473279330675,0.0,1886.4371147284824,628.8123715761608,1.0049439526205743,-10.77385723938174,26.570875553925006,0.0,2483.4707609265383,620.8676902316346,0.9922470658645668,-22.05380155284845,15.290931240458296,0.0,3157.0331432876287,631.4066286575257,1.009089995356543,-24.070755851488784,13.273976941817963,0.0,3752.735855150832,625.455975858472,0.9995798889800352,-28.876239980540426,8.468492812766325,0.0,4556.928267038544,650.9897524340777,1.0403869969777693,-30.460453391100828,6.88427940220592,0.0,4919.318478449716,614.9148098062145,0.9827333993805498,-29.628085263460136,7.716647529846611,0.0,625.7188472415979,12.49414118390776,0.0199676599785775,8.0,0.05,0.0,0.0,4.291706448254575e-06,1191.891891891892,621.1267605633802,86.1328125,602.9296875,86.1328125,0.0367798484583246,0.5199715474735175,0.0348299319727891,604.0048457404433,1252.2763582159012,1892.794797065376,2498.7477709632367,3182.9215927939704,437.1538497767232,1081.876582658727,-0.0019388244563829,13.948205799092618,2.0651014774925747,2.3214102775269487,2.601509099614532,0.8357734814131932,4.413066430842489,1.565823704555827,0.7685309887892133,1.915416987941432,0.8384638996674092,0.5289369520048951,2.0418468976970834,4.533993928554564,4.261090171766535,1.5412600009784778,0.6906052847337519,0.4817307898424524,0.3325190228776741,0.2101195873914889,0.2379555745349695,0.6922480364476828,0.2369352200304856,0.2193993803150136,0.2241368603523682,0.1844590795791441,0.4399840629046472,OK,605.6363583348764,605.6363583348764,0.9724780627083898,0.156004049885631,35.16376623365554,0.0,1257.576285488715,628.7881427443575,1.009653179659221,0.0,35.007762183769906,0.0,1887.591463683493,629.1971545611643,1.010309935175562,-8.74060302787019,26.26715915589972,0.0,2487.1059997905404,621.7764999476351,0.9983944949559,-19.00400233201108,16.00375985175883,0.0,3172.633650529038,634.5267301058076,1.0188677029340274,-20.42322658193464,14.584535601835263,0.0,3759.091425243664,626.5152375406107,1.0060035466429065,-23.229414778023045,11.77834740574686,0.0,4290.961294402059,612.9944706288655,0.9842930779239936,-25.633748376381924,9.374013807387982,0.0,4982.21096441522,622.7763705519025,1.0,-27.12500904264936,7.882753141120553,1.0,622.7763705519025,9.41035352548504,0.0151103252635382,7.0,0.05,0.0,0.0,2.5870633960169343e-06,1191.891891891892,621.1267605633802,86.1328125,602.9296875,86.1328125,0.0163363194584443,0.4904987540972679,0.0348299319727891,603.0092870908175,1252.6682185117136,1892.6379128565272,291.73032232994274,2495.141584468988,3143.610224246358,1104.066346190586,-0.0019388244563829,7.317323181390794,1.015610885533785,1.0952674094615424,1.0480022966467804,0.3139031389867243,1.5200484130932814,0.5120336908870118,0.248439331394972,0.5337740715705149,0.3147686629356932,0.2016399288129015,0.7751402161845108,1.5363618682807971,1.3427055056032695,0.5224310531480144,0.2417371757294776,0.1857447516825814,0.1362434373973988,0.0974467465971852,0.0985689697387441,0.2384150431723029,0.1101263203243117,0.109548090050906,0.0902231060554875,0.0955254421918843,0.1526102497745775,OK,605.4908815648425,605.4908815648425,0.9621662547515588,1.5856876165449485,31.46658724392139,0.0,1258.0940366256034,629.0470183128017,0.9995985606066424,0.0,29.88089962737644,0.0,1885.517484839508,628.5058282798358,0.998738572780266,-2.0807543184942503,27.80014530888219,0.0,2462.924133099624,615.731033274906,0.978438553342573,-11.220149817273466,18.66074981010297,0.0,3138.110560039738,627.6221120079477,0.9973342874285394,-12.886793241405908,16.994106385970532,0.0,3892.105968266537,648.6843280444228,1.0308035833958202,-17.567473074524205,12.313426552852237,0.0,4550.114144632647,650.0163063760923,1.0329201876946008,-19.30207083572518,10.578828791651262,0.0,5034.39715184097,629.2996439801212,1.0,-23.89396217229027,5.986937455086171,1.0,629.2996439801212,14.925618043818728,0.0237178237531153,7.0,0.05,0.0,0.0,4.914066136864546e-07,3,01-09_gambiae
gambiae_female,sf2_data_final/2024-01-09_330025_gambiae_female/002/1_021.wav,6408.0,OK,0.0348299319727891,16.0,1411200.0,44100.0,2.0,2024.0,1.0,9.0,22.0,47.0,17.0,68.5,32.0,0.0,28.3,1010.0,551.25,558.2278481012657,559.86328125,559.86328125,564.1385452725275,0.0590641677150492,2.76340212426474,0.023219954648526,563.4944359873809,1076.3322145950676,1202.4030755027104,1596.0093206414422,1758.0202496982197,45.892487320639134,643.0708763382081,-0.0020141399890956,0.439044553224918,4.083477317212635,4.7461631383842615,3.060847547082948,4.830786154906932,6.047711712455648,1.8984733603231976,1.636989337670134,1.1352789050352703,1.471137067516418,5.34710348345646,7.616320832018601,6.098911270733932,3.050012951423515,1.1580118845319876,0.5750645084621827,0.8472781432516785,0.8630662988487922,0.616052675861106,0.5827394426417775,0.5980030421038065,0.6588623049441303,1.0571984050694343,1.5325608977631318,0.9593809117656864,0.9674272094560452,OK,568.2758896485392,568.2758896485392,1.074769424998861,14.054605488246246,47.9555777589391,0.0,1075.8816981375692,537.9408490687846,1.0173973374000294,0.0,33.900972270692854,0.0,1603.6084629871218,534.5361543290406,1.0109581027353414,-4.070769940193369,29.830202330499485,0.0,2127.5592215095835,531.8898053773959,1.0059531130940167,-14.568524796901162,19.33244747379169,0.0,2642.995710676231,528.5991421352462,0.9997295440405812,-16.955542873640194,16.94542939705266,0.0,3172.4528615938702,528.7421435989784,1.0,-23.92892266432249,9.972049606370362,1.0,3522.023851737987,503.1462645339981,0.951590998798096,-26.27787977577074,7.6230924949221155,0.0,3974.4552007987504,496.8069000998438,0.939601478933074,-26.248470961342544,7.65250130935031,0.0,528.7421435989784,21.92858814398467,0.0414731233540867,7.0,0.05,0.0,0.0,4.995844695561876e-06,588.0,551.25,86.1328125,559.86328125,86.1328125,0.0430423568175069,1.452708820190598,0.023219954648526,563.3626512327857,1077.23206854486,1597.074536145055,1201.8550051491677,1757.1712699164077,2119.4012625666737,552.4811678244882,-0.0020141399890956,5.542928882388087,3.114325247616806,3.426798232824741,2.148773365051265,3.31998777320008,4.178974450280294,1.2702853262605764,1.065130353518127,0.7948043583979629,1.007428693625798,3.633747306019555,5.246207499362648,4.184641157051135,2.0886647738604123,0.8121500683081839,0.442627927061992,0.5566685432033408,0.62653089190719,0.4792691102670142,0.4009400777257133,0.3714095744987647,0.4507372269313738,0.6858615505094977,1.0534220871832043,0.6719011190914174,0.6419096930459188,OK,568.1100985911912,568.1100985911912,1.057387660907877,14.42732414183547,39.21962847357594,0.0,1078.084519139294,539.042259569647,1.0032855169979955,0.0,24.792304331740468,0.0,1606.548426469631,535.5161421565437,0.9967225760244526,-3.727783994965272,21.0645203367752,0.0,2133.6372083933284,533.4093020983321,0.9928012468902164,-12.938505804756794,11.853798526983674,0.0,2686.38513382788,537.277026765576,1.0,-13.44091938472091,11.351384947019556,1.0,3224.3202198541826,537.3867033090304,1.0002041340649062,-15.292689050069818,9.49961528167065,0.0,3760.939187359032,537.277026765576,1.0,-17.58046902375449,7.211835307985979,1.0,4081.581238949698,510.19765486871233,0.949598865114553,-9.343610553584952,15.448693778155516,0.0,537.277026765576,16.858028675959726,0.0313767904379712,6.0,0.05,0.0,0.0,2.7335875832553333e-06,648.5294117647059,558.2278481012657,86.1328125,559.86328125,86.1328125,0.0181062794116412,1.2900448953539063,0.023219954648526,562.6324633570559,1074.578491654815,1594.589507595207,1760.8427999212015,2668.631218620371,2117.0987786497453,745.9436760081644,-0.0020141399890956,2.9066331111021904,1.374646431421341,1.421154009802483,0.8528366034224258,1.2800549304201818,1.5324140109136375,0.4069110202916653,0.3453631512162998,0.2829123810268095,0.4057828075674246,1.3896497173685318,1.9557861011006377,1.525081385926817,0.7425530824176474,0.2884303205634902,0.1419128522046208,0.1854598623382379,0.1933972973203451,0.135173961324724,0.1711510036909244,0.152636324338944,0.1597025926704616,0.2240536020652634,0.3152962770809514,0.1753349160115692,0.202931248316165,OK,571.4077052339658,571.4077052339658,1.078312405178277,12.24507849671945,38.1765283374028,0.0,1071.605996273946,535.802998136973,1.011122206317192,0.0,25.93144984068335,0.0,1599.2379747951625,533.0793249317209,1.0059823200713942,-2.2361464670304763,23.69530337365288,0.0,2131.3864409378184,532.8466102344546,1.0055431605314875,-9.489440730534817,16.442009110148533,0.0,2663.3991685070946,532.6798337014189,1.0052284339311677,-7.741149167500602,18.190300673182747,0.0,3191.546676264623,531.9244460441038,1.003802930084894,-13.540683075800512,12.390766764882835,0.0,3534.612938030964,504.9447054329949,0.9528890401898692,-9.036510224582354,16.894939616100995,0.0,3972.7062588933736,496.5882823616717,0.9371195036957188,-4.843611459712321,21.08783838097103,0.0,529.9092382596629,20.97852483213893,0.0395889018674914,8.0,0.05,0.0,0.0,5.403612703958061e-07,1,01-09_gambiae
gambiae_female,sf2_data_final/2024-01-09_330025_gambiae_female/002/4_038.wav,6920.0,OK,0.0377324263038548,16.0,1411200.0,44100.0,2.0,2024.0,1.0,10.0,0.0,49.0,26.0,68.6,32.0,0.0,33.8,1009.4,621.1267605633802,604.1095890410959,602.9296875,602.9296875,616.3205011718338,0.0628118855014606,2.8624247343194,0.0348299319727891,639.5802419226642,1244.1889133037405,1805.572740421188,1079.8338529102168,126.69873997744072,2374.042857718422,803.332894814827,-0.0020415050644211,1.6284302107381292,3.823031219763767,8.162177238038925,9.978509001091558,4.105044929019915,10.93219776064835,6.105171417777838,2.823485664409913,3.50544891441524,2.252818404938932,3.482492904443249,5.484327584890323,12.7583637445107,11.06245242787738,5.525343990100149,2.001216657071941,1.3801870775454168,0.8901031937924879,0.7984179212905038,1.7571105113269208,0.7388164249542388,0.8795286649723715,0.7758827146769013,0.9118385767728856,0.8688636017152584,1.901004435407715,OK,632.6235801771866,632.6235801771866,1.0396253685303107,5.098212610460379,33.06918765120167,0.0,1234.574572059155,617.2872860295774,1.014422386923726,0.0,27.97097504074129,0.0,1800.7910680285834,600.2636893428611,0.9864465675997262,-5.010003559715525,22.96097148102577,0.0,2387.616082200036,596.9040205500089,0.9809254377899104,-9.612977440326368,18.35799760041493,0.0,2995.430748681109,599.0861497362218,0.984511451543558,-9.843183344810267,18.127791695931027,0.0,3573.1326000988,595.5221000164667,0.9786544512364828,-17.031770180661344,10.93920486007995,0.0,4330.824239982439,618.6891771403485,1.016726192232827,-20.3141262384664,7.656848802274894,0.0,4861.702596747474,607.7128245934342,0.9986881441434587,-21.56988029241258,6.401094748328713,0.0,608.5111034482632,12.364017972393212,0.0203184755419083,8.0,0.05,0.0,0.0,9.943580013126708e-06,639.1304347826087,595.9459459459459,602.9296875,602.9296875,616.0769721466133,0.0473191729778174,2.0729622002757577,0.0348299319727891,639.4915107357332,1244.2090157951368,1805.738951991441,1080.5787548311564,2374.536646350147,2977.287105731348,873.2389142972874,-0.0020415050644211,6.958148982326998,4.40572749304202,6.216375311741137,7.05277385032223,2.79072846120268,7.484628618525234,4.160515214830109,1.8704217220323835,2.338883621678905,1.6108674743355833,2.3810402509983493,3.7072426111864383,8.723368558413135,7.510443770625291,3.792358418518447,1.3363862820206955,0.9146263197482876,0.5881645624603371,0.5154680779059169,1.209084925599332,0.5411037789894915,0.6342655610049001,0.5402117556609446,0.6199980880515065,0.5798649543263878,1.2786484977580987,OK,633.4179118261127,633.4179118261127,1.0438594264242316,2.616906544877793,31.76943928475115,0.0,1236.8171574932414,618.4085787466207,1.0191243604798543,0.0,29.15253273987336,0.0,1802.989673392172,600.9965577973907,0.9904297153465168,-1.923070024282524,27.229462715590834,0.0,2385.436531608791,596.3591329021978,0.9827873364355294,-7.260671963537252,21.891860776336102,0.0,2994.832840661296,598.9665681322592,0.9870843349776822,-9.47990769791695,19.672625041956408,0.0,3565.2263242446347,594.2043873741057,0.9792363610225358,-12.348821088049991,16.803711651823367,0.0,4236.983443732104,605.2833491045864,0.9974942574625252,-14.33337209932959,14.819160640543767,0.0,4854.354084560254,606.7942605700317,0.9999842078511252,-17.813473632043767,11.339059107829591,0.0,606.8038433066631,12.289610625503409,0.0202530204135384,8.0,0.05,0.0,0.0,5.135207454888867e-06,668.1818181818181,580.2631578947369,86.1328125,602.9296875,86.1328125,0.023634055806068,1.495393746855863,0.023219954648526,638.6238435406998,1244.481781825427,1805.4999127718047,2374.670355900939,1078.4943217658338,1936.3965231082072,637.6092052739449,-0.0020415050644211,3.959928721594785,2.3983393700904423,2.540995030228688,2.7594403130086937,1.1099292329059147,2.511456791689841,1.361343256325353,0.5936115475742224,0.8042480144000829,0.6217502149787734,0.9417490310944036,1.3901168374610755,2.94533999040184,2.527246759764434,1.2463226240745804,0.4503985912885966,0.34915061842357,0.2489798282499757,0.2167817603364008,0.4186678820349469,0.1714773877735255,0.2583490729141867,0.1975237695826529,0.1897109346020837,0.1865216570421883,0.3967789012001274,OK,636.4262717398385,636.4262717398385,1.0453179971863535,3.165374270688293,32.36757004039364,0.0,1235.162893715069,617.5814468575345,1.0143657322060824,0.0,29.202195769705344,0.0,1801.095874070091,600.365291356697,0.9860885255813676,-2.667805770143296,26.53438999956205,0.0,2385.2850283322014,596.3212570830503,0.9794462765178196,-8.817263248492932,20.384932521212413,0.0,2999.5006397639627,599.9001279527926,0.9853245035739094,-12.63000705930553,16.572188710399814,0.0,3567.256589817452,594.5427649695753,0.9765251371861776,-19.865952302949545,9.3362434667558,0.0,4334.14444100542,619.1634915722028,1.016964210436837,-21.802907580668062,7.399288189037279,0.0,4851.040232084607,606.3800290105759,0.9959676173114528,-21.701991291855283,7.500204477850062,0.0,608.8350850677833,13.52272567046947,0.0222108186635859,8.0,0.05,0.0,0.0,8.230361765107283e-07,4,01-09_gambiae
gambiae_female,sf2_data_final/2024-01-09_330025_gambiae_female/002/3_004.wav,7432.0,OK,0.0406349206349206,16.0,1411200.0,44100.0,2.0,2024.0,1.0,9.0,20.0,39.0,48.0,69.7,32.0,0.0,35.2,1009.2,621.1267605633802,630.0,602.9296875,602.9296875,612.7298560553129,0.0731577454669541,2.957662114116062,0.0348299319727891,604.2657971895611,1216.327555964098,1897.6364667168464,2545.073811399083,1418.0398108549048,2067.87582081908,688.2949007036218,-0.0023466681664483,1.1005832690659536,2.416730086636972,5.47068434663543,6.9427175870549,2.57092017856249,11.737127731320276,4.231311764679005,1.7008479138253805,1.686264215877887,2.764757446063463,2.388802634692654,6.738307934034432,11.934381596043432,9.988669767612985,4.7729899212949,2.7069562780101784,0.9136952759212524,0.8394243797597416,1.6116910852782684,0.5997398012693802,1.8891946335028,0.9760482346827528,0.9236395460776644,1.0556769698243873,0.98369373984604,1.144277180303229,OK,606.4425040991586,606.4425040991586,0.9586237821708083,7.825748644343779,37.868684231580445,0.0,1222.399184352851,611.1995921764255,0.9661434690890652,0.0,30.042935587236663,0.0,1897.5260644132088,632.5086881377362,0.9998274639063748,-3.932998159287017,26.10993742794965,0.0,2557.150242865478,639.2875607163695,1.0105430526493446,-7.384653147417318,22.65828243981935,0.0,3224.061100463572,644.8122200927144,1.019276064980702,-11.676345382904085,18.36659020433258,0.0,3744.9581655319366,624.1596942553227,0.9866299323369656,-16.23242986514027,13.810505722096398,0.0,4689.402223516949,669.9146033595641,1.0589562348667396,-18.7735808303214,11.26935475691527,0.0,5060.942700385475,632.6178375481844,1.0,-22.992724056660705,7.0502115305759645,1.0,632.6178375481844,19.99885114664772,0.0316128473774255,7.0,0.05,0.0,0.0,1.1174776903187325e-05,630.0,630.0,602.9296875,602.9296875,613.5890102017185,0.0548434309275061,2.1967732386627423,0.0348299319727891,37.45996216816813,604.338552737999,1216.2365238873765,1897.595599485712,2545.179715854136,1417.8319408261414,895.0243268740901,-0.0023466681664483,5.974815924454454,2.8428631526897385,4.051085386532328,4.910395611781759,1.7904511899726523,7.998731341278413,2.964110125055795,1.1196842920489036,1.143707660772148,1.9373392917290464,1.6515059830459111,4.656072373859389,8.138248703406045,6.962051184016453,3.3479839224867622,1.854190606535376,0.6460609285092311,0.6028125742691506,1.1905382573223071,0.4751867431342306,1.3346535125693249,0.6776279169972106,0.7074826917722468,0.7950464591099224,0.7125707589300467,0.8266893262318636,OK,606.7747464707699,606.7747464707699,0.9564717145029764,8.613425086195484,40.93714723237155,0.0,1221.99496673074,610.99748336537,0.963128102925476,0.0,32.32372214617607,0.0,1897.67055689542,632.5568522984732,0.9971125867672748,-4.470662858628227,27.85305928754784,0.0,2557.1520718065635,639.2880179516409,1.0077230638682677,-7.312342061834357,25.01138008434171,0.0,3219.803844535322,643.9607689070643,1.015088818860173,-13.90156354522086,18.422158600955207,0.0,3872.923861669414,645.4873102782357,1.017495137928388,-21.87621970556248,10.447502440613588,0.0,4697.4953053739255,671.0707579105608,1.0578228611273397,-21.143373866820667,11.1803482793554,0.0,4999.782539048937,624.9728173811171,0.9851577140201052,-22.27855418370088,10.045167962475189,0.0,634.388594320404,19.319919444650417,0.0304543928084758,8.0,0.05,0.0,0.0,6.07263739636567e-06,639.1304347826087,630.0,86.1328125,602.9296875,86.1328125,0.0238779265619568,2.1835567190654257,0.0348299319727891,38.29637343693881,603.3262346726663,1216.5342095839922,1897.501813867761,2545.5738868426006,3225.564374049868,1200.2921766985728,-0.0023466681664483,3.395803583916617,1.5853522114909908,1.534602886768305,1.875950721511504,0.720423744173153,2.744029106131673,0.8956811910062765,0.3253943711455035,0.335557299585968,0.6144341080157805,0.6132367558511289,1.6723973472597575,2.7642310083293524,2.428365108536426,1.046971365194319,0.6028479550270489,0.2581458691393611,0.2585031041076382,0.4886723877957402,0.1870115314927665,0.4914053266840917,0.2926822940955873,0.2803898705993002,0.3294973762165662,0.2332062140774322,0.2396901184802618,OK,605.876802911248,605.876802911248,0.957512704522811,9.624382370858504,36.059212623169735,0.0,1222.0651655388792,611.0325827694396,0.9656607714107002,0.0,26.43483025231123,0.0,1897.8264022198853,632.6088007399619,0.9997592923031642,-0.3967455396796069,26.038084712631623,0.0,2558.408329185588,639.6020822963969,1.0108113013987698,-0.1876006657606659,26.247229586550564,0.0,3223.7894450722047,644.7578890144409,1.018959410735305,-5.4690505857949,20.96577966651633,0.0,3746.912643530452,624.4854405884086,0.9869213349640612,-11.794815849526575,14.640014402784654,0.0,4696.749261035467,670.9641801479238,1.0603751846651892,-15.411342357906165,11.023487894405063,0.0,5062.088889677508,632.7611112096885,1.0,-20.15446821442655,6.280362037884679,1.0,632.7611112096885,20.401683904523832,0.0322423163230127,7.0,0.05,0.0,0.0,1.0959816531145146e-06,3,01-09_gambiae
gambiae_female,sf2_data_final/2024-01-09_330025_gambiae_female/002/3_036.wav,7944.0,OK,0.0435374149659863,16.0,1411200.0,44100.0,2.0,2024.0,1.0,10.0,0.0,45.0,26.0,68.1,32.0,0.0,34.1,1009.4,711.2903225806451,689.0625,689.0625,689.0625,703.6077347489045,0.073864228580561,3.3399194245314217,0.0348299319727891,724.2614660754564,1385.6303149368655,2071.642663901493,120.53454247195369,2755.2661390748303,3448.378514227079,1252.0831150446595,-0.0019400018621964,1.3325724395537266,1.557988254769202,9.310528551015535,3.713829231361955,5.1896620105000135,1.723150556033258,10.647691208424323,5.36075705033429,1.7729039005310006,2.649072073105646,2.428591660735349,1.335496994138936,1.390342610340169,4.2851578207394025,12.19747524612031,10.66495257583629,5.3233422690668615,1.6078759381658465,1.1748734951877016,0.9186444787001338,0.924032243175038,0.8951697875018452,1.3379742281096614,1.2576043266041406,0.4365990367692009,0.5595326065302675,OK,709.4061247698043,709.4061247698043,1.014819551621862,8.03330345197817,40.86970746413647,0.0,1396.5769268763806,698.2884634381903,0.9989155162693436,0.0,32.8364040121583,0.0,2084.655629413152,694.885209804384,0.9940470943511716,-2.8545960963053574,29.98180791585294,0.0,2761.2004796429574,690.3001199107393,0.9874880321898118,-7.993580061569954,24.842823950588343,0.0,3462.824840538124,692.5649681076248,0.9907279425195976,-16.87790820483115,15.958495807327148,0.0,4253.007134271881,708.8345223786469,1.014001863048214,-21.01395038211695,11.822453630041348,0.0,4893.32597647762,699.0465680682315,1.0,-20.07514801923764,12.761255992920656,1.0,5592.372544545852,699.0465680682315,1.0,-26.102341747639187,6.73406226451911,1.0,699.0465680682315,7.522494968283411,0.0107610784630147,6.0,0.05,0.0,0.0,1.1053206981159746e-05,711.2903225806451,689.0625,689.0625,689.0625,703.3874284736319,0.0539073431971326,3.0796871949613025,0.0348299319727891,39.90197886018488,724.2123938236648,1385.5577531354409,2072.2902964974232,2756.377976495573,3448.2655571956225,1273.5281225627282,-0.0019400018621964,7.719903058463155,2.7523168105220663,6.879583971864665,2.5902543842780843,3.5736978812665567,1.2589627313353222,7.236138800759957,3.6628955781915793,1.1706936392950755,1.8337712829785056,1.69329117526287,0.9415453624057364,1.002538256540117,2.815603235332172,8.315975424902271,7.2102794039561715,3.587139419662077,1.1161157955831758,0.7778630085599787,0.6653342761386722,0.6876887612023674,0.6424596274603379,0.9438043477390132,0.9131342979787086,0.3493593982692849,0.4165877215174615,OK,710.8012868440612,710.8012868440612,1.018418612236433,4.993436519869107,38.14270001012468,0.0,1396.9091670844994,698.4545835422497,1.000728559228574,0.0,33.14926349025557,0.0,2086.3122763536603,695.4374254512201,0.9964056492777392,-1.7058375014003957,31.44342598885517,0.0,2764.253328166055,691.0633320415137,0.9901385557558856,-5.610127490837321,27.53913599941825,0.0,3463.243769912792,692.6487539825583,0.9924101093432134,-13.158728066499824,19.990535423755748,0.0,4195.6268940542805,699.2711490090468,1.001898514158155,-17.757028613331364,15.392234876924206,0.0,4885.622619349091,697.9460884784415,1.0,-20.116885400289355,13.032378089966215,1.0,5583.568707827533,697.9460884784417,1.0,-25.704147515014263,7.445115975241308,1.0,697.9460884784417,6.442022932467328,0.0092299721121888,6.0,0.05,0.0,0.0,5.6463395594619215e-06,722.9508196721312,700.0,86.1328125,689.0625,86.1328125,0.0214990090167451,4.274321221234689,0.0348299319727891,40.35936344351437,723.5522899612472,1385.9815223348996,2072.24883384735,565.1722506839353,2754.4740647987137,1016.5728694058536,-0.0019400018621964,4.150405909183824,1.6874450811037125,2.5128792154905235,0.9358443240932104,1.1789361991607046,0.4338457989174484,2.2429622976661445,1.0886662714082784,0.3601490931439359,0.5046480405666101,0.5919008749775735,0.3285993390942799,0.31659235530467,0.9629308675858226,2.684364120242256,2.2714702926453523,1.0970187992917608,0.329427105718077,0.3179561128238345,0.2638019644438768,0.2758636700887868,0.233651501314229,0.3556207445738166,0.365071802341611,0.1453511114147894,0.1773592832301119,OK,710.7014962571444,710.7014962571444,1.017873163604595,7.992043724531321,36.7109293394015,0.0,1395.4044862567762,697.7022431283881,0.9992555147374584,0.0,28.71888561487018,0.0,2086.238955788287,695.4129852627624,0.9959768187472812,-2.1839009365924014,26.53498467827778,0.0,2759.237932125903,689.8094830314758,0.9879514317550449,-4.316087591632815,24.402798023237366,0.0,3464.1972855202944,692.8394571040589,0.992290988251186,-10.513103764665033,18.20578185020515,0.0,4220.243537636055,703.3739229393424,1.007378546280985,-14.08941453420314,14.629471080667042,0.0,4884.00378484714,697.7148264067343,0.9992735366234488,-17.243803287708662,11.47508232716152,0.0,5585.776473291322,698.2220591614152,1.0,-28.662849241149523,0.0560363737206586,1.0,698.2220591614152,6.441387190950289,0.0092254134718782,7.0,0.05,0.0,0.0,8.738452985805149e-07,3,01-09_gambiae
gambiae_female,sf2_data_final/2024-01-09_330025_gambiae_female/002/3_053.wav,6920.0,OK,0.0377324263038548,16.0,1411200.0,44100.0,2.0,2024.0,1.0,10.0,5.0,39.0,44.0,62.8,30.0,0.0,30.2,1009.8,400.9090909090909,864.7058823529411,129.19921875,129.19921875,134.10539766011777,0.0582786551458168,1.84428176646169,0.0348299319727891,388.9469952390128,823.7013751371845,41.368635607006055,1119.2274120696488,1594.2777399557065,1721.8211369313678,662.6859642702628,0.0002518979063329,11.342268017537606,14.455530721843836,12.497682603342644,13.262563104313765,6.178868608440243,6.68185776617224,10.776320871169188,13.33329191116859,12.995065011143506,8.408137470230484,3.620386216603841,2.546594078782465,1.592691942981852,1.4507886214424457,2.065851165190779,2.2495340770641925,2.75720397265557,4.05791222994552,3.2437648057969866,2.2637190626994754,1.351184381600134,0.7729084816624251,0.8352953130338513,1.132857105709719,1.137076403188763,1.0803179798145803,OK,830.9843680329661,830.9843680329661,1.0932182847239515,12.202966505175668,21.08526342585064,0.0,1597.21947325248,798.60973662624,1.050627183884342,0.0,8.882296920674968,0.0,2346.112279051798,782.0374263505993,1.0288251460718445,1.491451232337738,10.373748153012706,0.0,3000.885004313524,750.221251078381,0.9869687334898556,-0.2464364906274951,8.635860430047472,0.0,3676.280777577582,735.2561555155164,0.967281099484548,1.9258773392833104,10.808174259958278,0.0,4560.759985327896,760.126664221316,1.0,-6.001635749217478,2.88066117145749,1.0,4645.557334069357,663.6510477241939,0.8730795523454593,-0.9551310945019011,7.927165826173066,0.0,6081.013313770528,760.126664221316,1.0,-0.7228969455493015,8.159399975125666,1.0,760.126664221316,53.23853012556705,0.0700390245882313,6.0,0.05,0.0,0.0,7.144793366583494e-06,1191.891891891892,393.75,86.1328125,387.59765625,86.1328125,0.0481992310960639,0.4596994792390692,0.0348299319727891,387.9574379908698,823.9778181167526,1119.3894813549548,1593.818748925728,1759.3062946259672,1897.223921875716,589.4171119055271,0.0002518979063329,34.2229224346944,13.116366579507323,9.644822369886615,9.335588299087377,4.418747744802198,4.97581060797727,7.971409429740883,9.503734578153193,9.017537326236718,5.942585903966789,2.518437895308184,1.748918458183706,1.1207575367838516,0.9545157785367466,1.3700672109635026,1.487254521081548,1.83098686378132,2.68849535435487,2.116572090345168,1.521745287221317,0.9239139772540989,0.5336594148968938,0.5700324886973454,0.7889240947816789,0.7593765787143998,0.747046541021557,OK,832.1047860293914,832.1047860293914,1.06378757466966,10.168190042447325,18.35200413204383,0.0,1595.5908715284313,797.7954357642157,1.0199254780685307,0.0,8.183814089596506,0.0,2415.2001057937114,805.0667019312372,1.0292212815904689,5.017594433777397,13.201408523373903,0.0,3108.2042539990166,777.0510634997542,0.9934052538975372,8.5139609277824,16.697775017378905,0.0,3804.220172611167,760.8440345222334,0.9726857047036588,5.836907423300833,14.02072151289734,0.0,4322.371194097045,720.3951990161742,0.9209747070701432,6.393870293627352,14.577684383223858,0.0,5475.466757556841,782.2095367938344,1.0,-4.825558352476374,3.358255737120132,1.0,6257.676294350676,782.2095367938344,1.0,-3.164543492152564,5.019270597443942,1.0,782.2095367938344,35.49416156225788,0.0453767946984428,6.0,0.05,0.0,0.0,4.688082509136831e-06,1191.891891891892,420.0,86.1328125,387.59765625,86.1328125,0.0241463649929885,0.440276734492883,0.0348299319727891,386.3605017190629,822.7783631604208,1595.0469761628356,1119.0031712603889,1723.6610744939233,2328.6630090331428,694.952134280248,0.0002518979063329,18.392722432995185,7.307524594380149,5.209103566504203,4.50885450635349,2.106449931824128,2.395549646738366,4.222947971270743,4.806979972062346,4.126473669507403,2.592909551718626,1.009495245880364,0.5991217056384572,0.353854284434403,0.3303839032943459,0.4562944821477912,0.4865691240155414,0.5883807934347702,0.8281782405493379,0.6439928089324023,0.4353806828306364,0.2946605315723792,0.183312018908596,0.1885897023445481,0.2646522992705856,0.2381534998976973,0.2350252034583228,OK,406.0009883415725,406.0009883415725,0.708235102194926,13.644822385700646,23.695938337599063,0.0,1146.5147295956244,573.2573647978122,1.0,-3.637426732134699,6.413689219763718,1.0,1601.3102858104794,533.7700952701598,0.9311177283495004,0.0,10.051115951898415,0.0,2396.369291536549,599.0923228841373,1.0450669449234848,-0.7134930682632614,9.337622883635156,0.0,3002.4080451784293,600.4816090356859,1.0474904395645674,0.0295829685173814,10.0806989204158,0.0,3845.0883188304833,640.8480531384139,1.1179063584546198,-0.3819364909588287,9.669179460939588,0.0,4433.388061976658,633.3411517109511,1.1048111905798723,-2.9751477494148304,7.075968202483587,0.0,4794.138665630121,599.2673332037651,1.045372235933029,-1.5898149592189623,8.461300992679455,0.0,573.2573647978122,75.40142619939996,0.1315315438223703,7.0,0.05,0.0,0.0,1.15318960944513e-06,3,01-09_gambiae
gambiae_female,sf2_data_final/2024-01-09_330025_gambiae_female/002/2_028.wav,7432.0,OK,0.0406349206349206,16.0,1411200.0,44100.0,2.0,2024.0,1.0,9.0,23.0,37.0,57.0,68.5,32.0,0.0,28.5,1010.0,572.7272727272727,565.3846153846154,559.86328125,559.86328125,564.2961273930584,0.0976982835337939,3.0622276967234274,0.0348299319727891,562.5958114396828,1123.0396673830608,1677.8174546166815,128.74128189623588,2198.8112742790145,2327.011184254985,888.1851959340079,-0.0020141399890956,1.6004535971936371,7.094872411007033,7.554295685965068,3.534964954506436,6.800529575101897,10.184143212238473,1.4869072733194533,5.035187864788525,2.152906871845574,1.3685425803090228,6.77143602265294,18.88306789593546,10.906759042444657,3.312904494122582,1.2085244948532363,1.3623645025473552,0.8253470001376473,2.1844458665075104,1.9639277050362665,1.0311337675209318,0.6471164571161543,0.505445441256343,0.6249472264939281,4.045901537924141,6.420004067247048,5.274745288687147,OK,568.662694665179,568.662694665179,0.9958107882566364,2.977874003126552,37.2656475727825,0.0,1130.8169819352065,565.4084909676033,0.990112205986986,0.0,34.28777356965595,0.0,1684.8358620770794,561.6119540256931,0.98346391961224,-6.40687721925174,27.880896350404207,0.0,2205.354336964728,551.3385842411818,0.965473760315454,-13.09217044396678,21.195603125689168,0.0,2919.630296949258,583.9260593898516,1.0225391518375708,-16.91255058187184,17.375222987784106,0.0,3477.209631236617,579.5349385394362,1.0148496628726635,-15.361753711578949,18.926019858077,0.0,4047.5275780675993,578.2182254382285,1.0125439074160063,-21.018162086977952,13.269611482677997,0.0,4637.910170979455,579.7387713724319,1.0152066037024423,-14.878059402028512,19.409714167627435,0.0,571.0549648299507,10.48694169004218,0.0183641546539482,8.0,0.05,0.0,0.0,1.7646948565795484e-05,580.2631578947369,572.7272727272727,559.86328125,559.86328125,564.386129195892,0.0695936744500969,1.9253651779738528,0.0348299319727891,562.5801228626754,1123.103881993917,1677.7486642951264,2199.1835693775474,2326.891376025724,2921.299733862744,860.0694584597827,-0.0020141399890956,7.587948702109476,7.733477595866994,6.257759114059901,2.729476573503263,4.817006108236812,7.052691426277101,1.0270726368362009,3.308681747436458,1.4954981587877223,0.9497232769872082,4.703767345957067,12.932790291631171,7.560579333719716,2.2837451356333425,0.8398875203048675,1.0105062557444917,0.5484832643178768,1.4903342569341058,1.377774550883642,0.7511640692958288,0.4381738016839775,0.3705436277073433,0.4560373439292746,2.707712517279658,4.302103932412973,3.590654303334064,OK,569.4792002335269,569.4792002335269,0.9975506428741828,1.737968140189011,36.66766109315131,0.0,1131.7059403350036,565.8529701675018,0.99119861433286,0.0,34.9296929529623,0.0,1683.122331656852,561.0407772189507,0.98276914725576,-5.384430423584853,29.54526252937745,0.0,2207.2646228775493,551.8161557193873,0.9666104761341688,-11.829702949456802,23.099990003505496,0.0,2920.959680071718,584.1919360143436,1.0233227852642357,-15.100303260240423,19.829389692721875,0.0,3473.290987408984,578.8818312348307,1.0140211313419143,-14.26713844425968,20.66255450870262,0.0,4037.947416094356,576.8496308706223,1.0104613476326345,-23.733172168099536,11.196520784862765,0.0,4631.2589044636425,578.9073630579553,1.0140658551642443,-19.507399461626537,15.42229349133576,0.0,570.8774830646398,10.1783205631494,0.0178292556022864,8.0,0.05,0.0,0.0,8.908401339015524e-06,612.5,572.7272727272727,559.86328125,559.86328125,563.6807781570402,0.0269072626207555,1.7795383186350768,0.0348299319727891,561.8530941116163,1122.9714739227395,1678.1766808825705,2197.740808330884,3481.2103184630982,2921.7443570481523,1097.5877411134804,-0.0020141399890956,4.262094440505464,3.719757174308787,2.858232103629024,1.1113322381261672,1.902222418570393,2.4395705431901376,0.3676424619946175,0.8984722070347946,0.4962560758064618,0.3657375597457966,1.820822133413784,4.430138692475464,2.6066827117108144,0.8002035348338346,0.3318021521254022,0.3797688544362323,0.2311177786129361,0.5140536650903068,0.5298641393015288,0.2943941753786132,0.2038124149261454,0.168183662979344,0.1599430394835375,0.7913686269730464,1.1811682864727178,1.0728273658747025,OK,569.3993099787369,569.3993099787369,0.9974523270207296,3.116241369705481,33.57967306788705,0.0,1131.2553001989097,565.6276500994547,0.9908452748915986,0.0,30.46343169818157,0.0,1690.033812957757,563.3446043192523,0.986845921035264,-4.115973861095757,26.347457837085813,0.0,2203.485533866147,550.8713834665367,0.964995801186244,-9.045669677055596,21.417762021125974,0.0,2920.610542696604,584.1221085393207,1.0232431726138866,-10.840973951811607,19.62245774636996,0.0,3471.258571931811,578.5430953219685,1.0134700667835772,-9.393873470463628,21.06955822771794,0.0,4030.081690994205,575.725955856315,1.008535107667341,-18.37840629676563,12.08502540141594,0.0,4633.561278189544,579.195159773693,1.014612328801359,-15.521229082051931,14.942202616129638,0.0,570.8536584194097,10.084658111077784,0.017665925342408,8.0,0.05,0.0,0.0,1.3349520356444245e-06,2,01-09_gambiae
gambiae_female,sf2_data_final/2024-01-09_330025_gambiae_female/002/3_045.wav,6408.0,OK,0.0348299319727891,16.0,1411200.0,44100.0,2.0,2024.0,1.0,10.0,2.0,42.0,9.0,67.6,32.0,0.0,39.5,1008.8,648.5294117647059,648.5294117647059,645.99609375,645.99609375,648.7593707531331,0.0710857801366104,3.721538039681815,0.023219954648526,645.252488670759,1334.1698523884247,93.68968045740614,1937.813812086092,2585.26366383137,3227.8093963141846,1181.3079837276684,-0.0018455630948522,2.861378418792623,3.264192563166925,7.026586826599288,6.810724323319319,2.6336092372818825,5.676348115459951,6.458313591319891,1.7098590856193383,2.0402107963180334,2.3226182585617314,1.7340985723186717,3.384639465103483,5.8221159755493,10.09825398744774,6.794779815594191,3.38901545626816,1.373816343238967,0.7269383510235103,1.1038592851376678,0.6692909061561828,1.1879370028690313,1.2044804523387065,0.446733847053514,0.5058890986845682,0.3739154688970723,0.4694655639998552,OK,651.772443447515,651.772443447515,0.996721517900145,2.119028046009376,42.8002023372389,0.0,1331.6901464949462,665.8450732474731,1.018242054823843,0.0,40.68117429122952,0.0,1937.8881473438487,645.9627157812831,0.9878370051590974,-3.161570935261821,37.5196033559677,0.0,2591.5477726031795,647.8869431507949,0.9907796254613306,-5.347380314978125,35.3337939762514,0.0,3222.02270248135,644.40454049627,0.9854541691695642,-13.56259018879722,27.118584102432305,0.0,3963.813625161096,660.6356041935159,1.010275486192237,-20.63130764907333,20.04986664215619,0.0,4626.347277452383,660.9067539217689,1.010690141293783,-21.85348633098564,18.82768796024389,0.0,5231.330370558424,653.916296319803,1.0,-21.928444791909524,18.75272949932,1.0,653.916296319803,7.846686851154982,0.0119995279140703,7.0,0.05,0.0,0.0,9.637868060963228e-06,1191.891891891892,648.5294117647059,86.1328125,645.99609375,86.1328125,0.0532930171602148,2.0213313382835287,0.023219954648526,40.272022140149446,645.1824254956014,1334.290010125755,1937.3922423692643,2585.175264805504,3228.691978569791,1195.591688503304,-0.0018455630948522,16.73153537190525,6.4834446759819695,5.895444745082252,4.782758113568683,1.831552462576104,3.825099578697188,4.352366983464658,1.1140947264706045,1.3552664102928182,1.6259621258450574,1.196678287621925,2.309628943382952,3.939925684583617,6.905380068186195,4.6079003128866,2.293159040198138,0.9243076051390468,0.5474906292339587,0.7865009414677204,0.4487141280037803,0.8113918026871534,0.8381638916512404,0.3208157863599697,0.3789929680245841,0.253655686678054,0.3141918438184851,OK,651.2017943389961,651.2017943389961,0.995840673557864,-0.764708379038197,41.10329573467477,0.0,1332.0879836591755,666.0439918295879,1.018537883661704,0.0,41.86800411371297,0.0,1935.8746667515657,645.2915555838553,0.9868025287094128,-3.053217827033066,38.814786286679904,0.0,2589.567584634108,647.3918961585268,0.9900144433428866,-5.139881467208674,36.728122646504296,0.0,3222.0396933092416,644.4079386618483,0.9854512706532648,-13.826266688184674,28.041737425528297,0.0,3962.234839518065,660.3724732530109,1.0098647981012945,-15.541881225712618,26.326122888000352,0.0,4639.194184390009,662.7420263414298,1.013488401973574,-15.74303338232682,26.12497073138615,0.0,5231.373344191148,653.9216680238935,1.0,-18.84000133454251,23.02800277917046,1.0,653.9216680238935,8.29274953525512,0.0126815640783325,7.0,0.05,0.0,0.0,5.605340144635799e-06,1191.891891891892,648.5294117647059,86.1328125,645.99609375,86.1328125,0.0232464800403675,1.897475561731951,0.023219954648526,41.43878605053533,644.0178380944291,1334.3465713575754,1937.9537094323573,2585.807724021932,3228.3411672011644,1195.507086034687,-0.0018455630948522,9.374173920651112,3.986245508186025,2.6616844180923183,1.8071037896345168,0.7024550925644217,1.4167718731012968,1.4481538257392226,0.3773569110152634,0.4070456016127853,0.5425587269594002,0.4865523072160445,0.8899027696596193,1.4326915729065517,2.3803462315541144,1.506060497110058,0.7265218728863738,0.3150324829359356,0.2228339581800452,0.3597333360276978,0.2036988028527595,0.3206680989906314,0.3393880114444101,0.1297723479334393,0.1835429477955485,0.1156489931871461,0.1591467220910932,OK,643.2295748925649,643.2295748925649,0.9860502753161694,5.831191349022152,36.55193567594749,0.0,1332.726731651478,666.363365825739,1.02151363367088,0.0,30.72074432692533,0.0,1939.071816923746,646.3572723079153,0.990844934980298,-0.0648842413688477,30.65586008555649,0.0,2594.2572620679925,648.5643155169981,0.9942282613211528,0.3785601515345362,31.099304478459874,0.0,3220.71824341147,644.143648682294,0.987451521072278,-6.738420443824097,23.98232388310124,0.0,3921.728415574773,653.6214025957955,1.00198061335997,-13.03474827419435,17.68599605273099,0.0,4648.183065474838,664.0261522106912,1.017930760279252,-11.482416448233746,19.238327878691592,0.0,5218.635122322284,652.3293902902855,1.0,-12.176013289093891,18.544731037831447,1.0,652.3293902902855,8.743086997648406,0.0134028715060005,7.0,0.05,0.0,0.0,1.0608096090436447e-06,3,01-09_gambiae
gambiae_female,sf2_data_final/2024-01-09_330025_gambiae_female/002/4_000.wav,6408.0,OK,0.0348299319727891,16.0,1411200.0,44100.0,2.0,2024.0,1.0,9.0,19.0,10.0,7.0,71.4,32.0,0.0,45.0,1008.1,630.0,588.0,602.9296875,602.9296875,621.5474171155151,0.0621516507940803,2.9952070011791028,0.023219954648526,645.074292483265,1204.290525636771,86.45898133657695,1850.4167346097213,2369.5951820702085,995.6140298902798,822.2299117098893,-0.0024635958651415,1.243845766061947,3.0990109750827006,7.301497119223286,7.20444887704093,2.8798310729502514,7.334960447912163,5.827730432416809,2.669256743463331,2.0407781988273785,2.2590815928843755,2.5012321347183217,4.443767158730494,8.203497280924726,7.930492575282886,5.542732050650162,2.524701000342466,1.136414756353371,0.762192868909371,0.6098002893302069,1.0095639535804282,0.9284737357471706,0.7712358880999273,0.5537183868661335,0.5001603788933835,1.1593321714685372,2.1101938702830285,OK,642.6437771915578,642.6437771915578,1.0720928347581518,11.24188478364939,39.358472848312495,0.0,1197.767624030884,598.883812015442,0.9990901125975112,0.0,28.116588064663105,0.0,1847.1584784002448,615.7194928000815,1.0271762987212856,-6.337148204076939,21.77943986058617,0.0,2373.351770179428,593.337942544857,0.989838195543398,-11.580997325919434,16.53559073874367,0.0,2938.200142607838,587.6400285215677,0.9803326296074262,-13.84445024239825,14.272137822264856,0.0,3550.9100378724565,591.8183396454094,0.98730311244138,-8.182768592600002,19.933819472063103,0.0,4123.067245567594,589.0096065096562,0.9826174331016556,-11.57739127959578,16.539196785067325,0.0,4611.046413599185,576.3808016998981,0.9615493832291908,-20.3815999778964,7.734988086766712,0.0,599.4292251160588,19.38743323321867,0.0323431564910185,8.0,0.05,0.0,0.0,6.411555053394598e-06,648.5294117647059,580.2631578947369,86.1328125,602.9296875,86.1328125,0.0461734734379599,1.5782309166698558,0.023219954648526,644.9253150739448,1204.57271514088,1851.200766887248,2370.2103530210325,2930.3951213248,995.8042466544172,875.6229054333012,-0.0024635958651415,8.76218124954091,4.379420884270894,5.202784903248482,4.947336451096668,2.049843513991976,4.97684784752887,3.944556060640516,1.811415103266286,1.3946014058660787,1.5738744472650146,1.7261111051657698,3.0051346781853527,5.581910125573434,5.363146355963859,3.743497330703839,1.6927894565823676,0.7771259701080384,0.4935200140714382,0.4085659473716279,0.718781754187831,0.6552677979395808,0.538041285063356,0.4215417637372639,0.3096800359709057,0.7594283121005866,1.4452508217137268,OK,642.3710723067433,642.3710723067433,1.06838681516456,11.1149959514763,39.61969270047315,0.0,1199.6212633404311,599.8106316702156,0.9976006051623344,0.0,28.504696748996853,0.0,1850.0328018603063,616.6776006201022,1.025653623137035,-5.57973108074107,22.924965668255783,0.0,2374.7983224360987,593.6995806090247,0.9874367502472484,-9.824283250678494,18.68041349831836,0.0,2941.250074759432,588.2500149518864,0.9783730729624784,-9.295485064429672,19.20921168456718,0.0,3567.060682990262,594.5101138317103,0.9887848231068506,-6.2165306529161874,22.288166096080666,0.0,4125.6789250076645,589.3827035725235,0.98025695229663,-6.149440492493877,22.355256256502976,0.0,4682.595902766488,585.324487845811,0.9735073579228618,-9.998604858323072,18.50609189067378,0.0,601.2532756760022,18.01705551540422,0.0299658334420669,8.0,0.05,0.0,0.0,3.5125982928245017e-06,700.0,588.0,86.1328125,602.9296875,86.1328125,0.0201972803451079,1.5409173872936937,0.023219954648526,39.28515576329493,644.0049546000296,1204.3247552732887,1850.097540261595,2368.7393255722754,2928.147185931129,1083.5608333879609,-0.0024635958651415,4.797764983534767,2.3606303377577893,1.9836158929884016,1.81961848052974,0.7968915985559175,1.6800663411304213,1.3399650835649284,0.5588459759953084,0.4599252972689705,0.6067641429164561,0.6871274522542439,1.0806785270055503,1.9000171968343365,1.80030507693611,1.2519624808697638,0.6092046257885049,0.2877143346082454,0.1803762148110181,0.1609474431708449,0.2926420831689967,0.2483254578594828,0.2109835696742731,0.1747299630883836,0.129568487962836,0.2474728487744139,0.4608409609749045,OK,640.8421860637111,640.8421860637111,1.0727699161401072,12.53539187964919,35.06793432967597,0.0,1197.8237534327666,598.9118767163833,1.0025785719675973,0.0,22.53254245002678,0.0,1846.363419445407,615.454473148469,1.0302708808903185,-2.679404093051243,19.85313835697554,0.0,2370.510465157778,592.6276162894445,0.9920587190649368,-4.39079916360636,18.14174328642042,0.0,2928.5654033374044,585.7130806674809,0.980483785390729,-4.312508108385789,18.220034341641,0.0,3568.433877698093,594.7389796163488,0.9955931415926684,-3.151403077943776,19.381139372083005,0.0,4122.847987381181,588.9782839115973,0.9859497361139276,-4.811501570706572,17.72104087932021,0.0,4493.644750813952,561.705593851744,0.9402952488397156,-12.765999259383292,9.766543190643487,0.0,597.3715112831474,21.58391617736061,0.0361314789367819,8.0,0.05,0.0,0.0,6.681085930419309e-07,4,01-09_gambiae
gambiae_female,sf2_data_final/2024-01-09_330025_gambiae_female/002/1_005.wav,11016.0,OK,0.0609523809523809,16.0,1411200.0,44100.0,2.0,2024.0,1.0,9.0,20.0,56.0,46.0,69.6,32.0,0.0,34.4,1009.3,512.7906976744187,512.7906976744185,516.796875,516.796875,515.9435491132419,0.0659985129275558,3.2411446054626603,0.0580498866213151,516.6730432269725,1030.4155557355898,1511.7008638557031,2026.645471962598,90.46000173265097,2626.545124334912,946.7645719466682,-0.0023250820326722,0.8750675432502963,5.678965560008513,5.45968829581679,1.927239743083364,9.30837288542849,1.4043844251567326,4.855509070541946,2.442859528398635,1.652382636126144,4.6515852674198985,11.129947655296773,4.116944344198949,0.9881615434787356,0.6903488675563283,0.9095107855337192,1.4185784042861584,1.7999333325388591,0.5456437532065048,0.478033488996414,0.5452277638633918,1.4773014825126398,3.882480498190381,4.899713607085265,2.9243083157983185,1.048878791944584,0.3500735186511818,OK,516.2100365053736,516.2100365053736,1.111175947803888,-3.396578988509642,30.924352944390105,0.0,1028.210919702984,514.105459851492,1.1066457085742631,0.0,34.32093193289975,0.0,1519.193134460177,506.3977114867256,1.090054274876782,-2.948208501442206,31.37272343145754,0.0,1858.247697047812,464.5619242619529,1.0,-29.24692272620716,5.07400920669259,1.0,2038.5440520141544,407.70881040283086,0.8776199449633236,-11.213222687596115,23.10770924530363,0.0,2625.664749692432,437.6107916154053,0.9419859199839404,-17.243593356552744,17.077338576347003,0.0,3050.775133293584,435.8250190419406,0.938141927439132,-23.590423873766547,10.7305080591332,0.0,3472.605127439217,434.0756409299022,0.9343762763586704,-28.93688142947373,5.3840505034260175,0.0,464.5619242619529,42.40314309302606,0.0912755455806924,7.0,0.05,0.0,0.0,8.923939839448958e-06,518.8235294117648,512.7906976744185,516.796875,516.796875,515.8678561546415,0.0477730377144814,2.200743887390332,0.0580498866213151,516.2945687033283,1030.2932822219934,1511.536575981286,2026.4770907476045,2626.1127407749423,2500.165448656175,835.428179407248,-0.0023250820326722,5.313352363543708,4.769627834296718,4.032769322295945,1.4124093362186751,6.440677521585198,0.959028040049948,3.247298825853693,1.695966317753025,1.1826115558903485,3.241655323671496,7.622403765434724,2.84660955976866,0.6725595499050524,0.5113373446597522,0.6302152723514837,0.9842815878923968,1.248015137287924,0.4050213506442967,0.3499332438770078,0.3699668869850891,0.9766448492450034,2.602743188306076,3.2963986344573346,1.9144952566433755,0.696268523054047,0.2551786190373594,OK,516.1325169420385,516.1325169420385,1.0235674858299664,-4.166833903026934,30.10834295910116,0.0,1028.3651646221244,514.1825823110622,1.019700475668339,0.0,34.27517686212809,0.0,1517.6872339471115,505.8957446490372,1.0032664450409825,-3.028340227029034,31.24683663509905,0.0,2035.8751755951844,508.9687938987961,1.0093607584026818,-12.546982982222657,21.72819387990544,0.0,2502.41938993044,500.4838779860879,0.9925339091669368,-18.713707993938247,15.561468868189843,0.0,3063.8034800343794,510.6339133390632,1.012662937713489,-22.79495818537566,11.480218676752433,0.0,3480.3361308066656,497.1908758295236,0.986003396502869,-26.03789124098248,8.23728562114561,0.0,3844.006786971412,480.50084837142646,0.9529045916747358,-25.043513985069843,9.231662877058248,0.0,504.2486441658794,10.80287773305244,0.021423712008036,8.0,0.05,0.0,0.0,4.576622380963749e-06,525.0,501.1363636363636,86.1328125,516.796875,86.1328125,0.018555343678154,2.008815747711452,0.0580498866213151,515.752192213164,1030.5289048942664,1512.3882761217344,2027.250979876756,2627.4916204014694,2498.926589281674,835.6344664765542,-0.0023250820326722,2.844991186875238,2.264295563258667,1.8257428259350457,0.6906398590966846,2.262435004331455,0.3646366365418055,0.9245436974189848,0.560918725179901,0.5303693560243647,1.224333091418612,2.58327529484578,1.0547641397113907,0.2631972570216743,0.1992176607891096,0.2375595528137888,0.2928674492411702,0.3777863548085097,0.1456227358778134,0.134654792975347,0.1262350979518345,0.2915265560242219,0.7171569612633146,0.9050979604710064,0.5606029261047432,0.2175218870622929,0.0874539160652122,OK,519.2240409907871,519.2240409907871,1.0018194699835896,-2.2442714255755583,29.48898678404109,0.0,1024.7843950757351,512.3921975378677,0.9886377348429086,0.0,31.733258209616647,0.0,1519.3106166776008,506.4368722258669,0.9771472020928,-5.432810701889938,26.30044750772671,0.0,2039.9331452048093,509.9832863012024,0.9839898487901974,-12.76113983613849,18.97211837347816,0.0,2625.715649133612,525.1431298267223,1.0132400860804232,-17.312098433061916,14.421159776554733,0.0,3176.9248436956173,529.4874739492695,1.0216223029707885,-24.02037368990373,7.712884519712912,0.0,3627.967309314768,518.2810441878239,1.0,-28.95599534449568,2.777262865120967,1.0,4202.40246786441,525.3003084830513,1.013543355239293,-24.34969405329984,7.383564156316808,0.0,518.2810441878239,8.16479648776677,0.0157536081616904,7.0,0.05,0.0,0.0,6.770408487812216e-07,1,01-09_gambiae
gambiae_female,sf2_data_final/2024-01-09_330025_gambiae_female/002/3_016.wav,7432.0,OK,0.0406349206349206,16.0,1411200.0,44100.0,2.0,2024.0,1.0,9.0,22.0,13.0,44.0,69.3,32.0,0.0,28.2,1010.0,668.1818181818181,658.2089552238806,645.99609375,645.99609375,661.8298657999512,0.0512412956186228,4.192423211835606,0.0348299319727891,680.1499577486803,1289.3789830977166,82.61586412284916,343.33047617866606,2017.6478140892032,1900.664572479656,811.0790414298247,-0.0022556155519757,3.1205759252021266,2.360390008984064,9.126399897124386,8.728937945552559,2.122040868486799,4.942282501842141,8.95191482532976,1.96598395208378,2.4299874944240707,1.1031816361563496,0.8565600147799373,1.6150215431096802,4.351666966013583,9.32232253369043,8.564168878674426,4.005998259340539,1.2032165410705111,0.7583872925187738,0.5360543831701072,0.3988523848890695,0.4313810244470377,0.7013781680425839,0.4429220782254892,0.3102504688450278,0.3081050263958625,0.3952933013903941,OK,673.0422478547983,673.0422478547983,1.022253868919611,5.550011861356786,32.52826740096192,0.0,1294.9225415636058,647.4612707818029,0.9834000631340712,0.0,26.978255539605136,0.0,2008.53246144431,669.5108204814367,1.016890141298152,-4.3110736294494885,22.667181910155648,0.0,2639.711319299792,659.9278298249478,1.00233496395878,-11.694653290561952,15.283602249043184,0.0,3295.18817460417,659.037634920834,1.0009828866000057,-12.97036912784343,14.007886411761708,0.0,3913.950261806053,652.3250436343421,0.9907874309135856,-12.918868069821258,14.05938746978388,0.0,4532.0011412687645,647.4287344669664,0.9833506451757958,-13.419604140157464,13.558651399447673,0.0,5267.124093674432,658.390511709304,1.0,-15.980744182735542,10.997511356869596,1.0,658.390511709304,9.392364111604714,0.0142656431776642,7.0,0.05,0.0,0.0,6.4003901830541765e-06,722.9508196721312,648.5294117647059,86.1328125,172.265625,86.1328125,0.0394622314531917,1.442957897327992,0.0348299319727891,680.1239167243806,1289.8684963904277,2018.0744287618525,2627.6736482134297,1899.706209795712,1764.4442968773317,665.29342264139,-0.0022556155519757,16.935731102479057,5.072028907897664,6.554810673230686,6.210107151151303,1.594950344748273,3.4541372714516667,6.149488259293284,1.350590842796718,1.6625561673912168,0.7504624413107969,0.613995534055505,1.146189667340705,2.914077375689007,6.338769743233524,5.82612140824605,2.694628401295763,0.813257441611708,0.5011494402661116,0.4076003899985088,0.2714291159104894,0.3040517375166774,0.5112192519697183,0.3353157604784433,0.2838558156000812,0.2339581831259497,0.2806772716715326,OK,672.4961777091355,672.4961777091355,1.0193443686496892,6.665773528961612,31.440437810200454,0.0,1294.9823532135306,647.4911766067653,0.981442730087805,0.0,24.77466428123884,0.0,2009.8655376901568,669.9551792300525,1.0154928188918542,-3.157455214272176,21.617209066966662,0.0,2637.287539505094,659.3218848762735,0.9993752719391826,-9.912099389262998,14.862564891975843,0.0,3299.654761808037,659.9309523616074,1.0002984734857217,-8.98891776192492,15.78574651931392,0.0,3931.914641592504,655.3191069320839,0.99330801194335,-9.608989556502728,15.165674724736114,0.0,4575.366578908567,653.6237969869381,0.9907383250023968,-13.15296888699764,11.6216953942412,0.0,5277.872313946122,659.7340392432652,1.0,-19.759901260105693,5.014763021133149,1.0,659.7340392432652,8.231185473806987,0.0124765208162495,7.0,0.05,0.0,0.0,3.53579837662567e-06,1191.891891891892,648.5294117647059,86.1328125,344.53125,86.1328125,0.0174908816147506,1.6165356073912245,0.0348299319727891,654.6459957332679,1288.381049827892,2019.288088924156,2625.3153472405024,1772.855816347913,3915.2063324239152,1132.6704974599888,-0.0022556155519757,9.35508869445312,3.0193150491163343,2.657633184198828,2.384071334846302,0.7154557268218994,1.330863269936865,2.1341652043277155,0.5143209543077175,0.5116928200591934,0.2697097220231542,0.2353296664060227,0.3890168135162001,1.0248844479827526,2.0698851862115006,1.91558318294364,0.8761571321137664,0.2777006757359886,0.1862939185151235,0.1420600739854272,0.1035556937482181,0.1341396844168233,0.1965127530085856,0.1421046586648972,0.0949340805649442,0.0834019712944235,0.1205816446172174,OK,672.7894714268084,672.7894714268084,1.019879867363226,9.322747716470008,30.11010599609582,0.0,1292.148208345455,646.0741041727275,0.9793821093441096,0.0,20.787358279625813,0.0,2009.5967336222163,669.8655778740721,1.01544754448156,-2.786509383949589,18.000848895676224,0.0,2624.82313243614,656.205783109035,0.9947406959578604,-10.532449452970384,10.25490882665543,0.0,3299.1653846839463,659.8330769367892,1.000239301547053,-11.314032631166814,9.473325648459,0.0,3984.8657720743695,664.1442953457284,1.0067746666884814,-3.657129876780736,17.130228402845077,0.0,4541.699404163478,648.8142005947826,0.9835358146177096,1.4705442940292244,22.25790257365504,0.0,5277.401725097078,659.6752156371348,1.0,-6.307055893267304,14.48030238635851,1.0,659.6752156371348,9.341257363768737,0.0141603885402101,7.0,0.05,0.0,0.0,6.339990120198178e-07,3,01-09_gambiae
gambiae_female,sf2_data_final/2024-01-09_330025_gambiae_female/002/3_010.wav,6920.0,OK,0.0377324263038548,16.0,1411200.0,44100.0,2.0,2024.0,1.0,9.0,21.0,44.0,16.0,69.1,32.0,0.0,28.9,1010.0,612.5,630.0,602.9296875,602.9296875,609.5948000032319,0.0550006367451813,2.8462041509741502,0.0348299319727891,605.8936805098715,1205.5332276008426,1849.840202650725,81.71690190042989,2536.433438731982,214.5455213128112,969.5293494284936,-0.0022147973241075,1.3918071913992034,2.770286742566189,5.014406731051095,7.663726294952317,2.6733906485893364,10.977989697401968,3.208296981312315,2.000377043676661,1.463381409322445,0.8315344817458761,2.2785020655507573,6.198112148321425,11.509457962430542,8.70895129639904,3.2339408778821146,1.2831578571813484,0.6594848495676877,0.6362328539254403,0.7196426037978704,0.7896813507037657,0.7129767366766351,0.3918303624146651,0.3672593189392761,0.4926880331620908,0.7136053389820968,1.6249916806628868,OK,615.2820674931288,615.2820674931288,0.9839829317781312,7.213059555213356,37.822059645436354,0.0,1205.9848738245782,602.9924369122891,0.964328878184996,0.0,30.609000090223,0.0,1848.2660124454867,616.0886708151622,0.9852728830761271,-6.239650731538347,24.36934935868465,0.0,2529.006362162116,632.2515905405289,1.0111212508048657,-6.406217591761433,24.202782498461566,0.0,3198.607986026408,639.7215972052816,1.023067575014075,-12.616113642047498,17.9928864481755,0.0,3800.944800249022,633.4908000415037,1.0131030426728207,-16.703714527980907,13.905285562242092,0.0,4460.787369381969,637.2553384831384,1.0191234384689856,-19.67252618985701,10.93647390036599,0.0,5002.380001704037,625.2975002130046,1.0,-26.26320534227475,4.345794747948251,1.0,625.2975002130046,12.812724059611268,0.0204906049604335,7.0,0.05,0.0,0.0,7.011248201776582e-06,630.0,612.5,86.1328125,602.9296875,86.1328125,0.0420236634253922,1.715669915711966,0.0348299319727891,605.7602034125872,1205.4599309184002,1850.122193206869,2536.3890392308986,3191.373680197928,2026.256633929289,921.7883436892284,-0.0022147973241075,9.026300404418008,3.6415073300386256,3.8330967324635328,5.258617133935802,1.9532333155473416,7.446442067219724,2.194988409113225,1.3168957232037493,0.9570424577003478,0.5886546591739483,1.5879920768947955,4.242895550566479,7.79509960989434,5.93686441756673,2.21498019991402,0.9432189506442332,0.4549711750932429,0.4548499916643856,0.4767019987111233,0.5628361451043621,0.5447696567807333,0.3092115774094705,0.302200940082591,0.3939892978491047,0.5139759889720661,1.0755606043919417,OK,616.1425441894428,616.1425441894428,0.9854534259993888,4.740221396577603,38.52471071391064,0.0,1208.7429193357957,604.3714596678979,0.9666268481581444,0.0,33.78448931733304,0.0,1847.3945357120456,615.7981785706819,0.9849026504004552,-3.407658135370273,30.376831181962768,0.0,2528.9024859322635,632.2256214830659,1.0111765703741435,-3.61845151405959,30.16603780327345,0.0,3199.6499679846747,639.929993596935,1.023498881122502,-10.43281059282192,23.35167872451112,0.0,3784.903421201487,630.8172368669145,1.0089240113548066,-15.651333037580471,18.13315627975257,0.0,4461.647617118592,637.3782310169418,1.0194176125905596,-20.06450449423508,13.719984823097969,0.0,5001.9008747335765,625.2376093416971,1.0,-28.0842345570298,5.700254760303238,1.0,625.2376093416971,12.250041821427128,0.0195926182916683,7.0,0.05,0.0,0.0,3.934161773381325e-06,648.5294117647059,612.5,86.1328125,602.9296875,86.1328125,0.0193915875304832,2.129788287762342,0.0348299319727891,605.0597556885865,1205.8922707947738,2538.0163560432675,1850.0451431198144,3191.972167707724,3746.963610640412,1195.430591739767,-0.0022147973241075,4.932246278786996,1.898772512640504,1.5615358752562942,2.0501073295759986,0.8033209071142563,2.633485566063907,0.7534060202195314,0.3975806941348037,0.3066815943217515,0.1891856233862534,0.5986328136304686,1.5763937145830078,2.7311880139804274,2.092702322719062,0.7376868774865131,0.3078339257773343,0.1871848338732487,0.2168984493109373,0.252962470627121,0.2070740115072688,0.2150770794156463,0.126860649733113,0.1231212849865964,0.186296945491437,0.1869364301226017,0.346194709367002,OK,616.4631933048877,616.4631933048877,0.9871552565916848,8.011557415396581,36.943489575664486,0.0,1205.28159782204,602.6407989110199,0.9650211706758016,0.0,28.931932160267905,0.0,1850.9618876537768,616.9872958845924,0.9879945128881964,-5.349997817412397,23.581934342855508,0.0,2532.4392211730565,633.1098052932641,1.0138118205313271,-3.5621884599312,25.369743700336706,0.0,3204.719308071128,640.9438616142256,1.0263566568843512,-9.481229502517614,19.45070265775029,0.0,3744.475866702881,624.0793111171469,0.9993511035049242,-13.799680537285129,15.132251622982778,0.0,4460.172447399596,637.1674924856567,1.020309478923714,-16.89304284230798,12.038889317959924,0.0,4995.876295555193,624.4845369443991,1.0,-22.864884068982576,6.067048091285329,1.0,624.4845369443991,12.558580791475704,0.0201103150654855,7.0,0.05,0.0,0.0,7.810415879178506e-07,3,01-09_gambiae
gambiae_female,sf2_data_final/2024-01-09_330025_gambiae_female/002/2_034.wav,8968.0,OK,0.0493424036281179,16.0,1411200.0,44100.0,2.0,2024.0,1.0,10.0,0.0,28.0,28.0,67.9,32.0,0.0,33.5,1009.4,558.2278481012659,551.25,559.86328125,559.86328125,560.1101996812214,0.0740716922336775,2.673131661656392,0.0464399092970521,560.341815772744,1122.4733099022017,1684.7493387543611,2243.925870061038,2803.244759111523,81.10706368659045,1027.8505210760486,-0.0018994005813064,0.83214704232894,7.398303680152694,7.525402828834446,1.295323310706959,7.589624727235271,7.7845875323187,0.8630838391637866,2.9457134939478764,1.322692924613944,1.16732751805094,7.432889397885991,18.372090139580045,7.680922015976072,1.1134669837715434,0.737437083365163,0.7196498094697904,0.4733236595084866,0.850657880467608,1.1933604190923843,0.2952439592016668,0.701927427924478,0.5412459039058588,0.4514093457287287,2.4164840142712363,5.395581049922279,3.0210493936625022,OK,562.7863422957538,562.7863422957538,1.000055124286592,4.91085729496649,44.08234235368323,0.0,1123.8972883369115,561.9486441684558,0.9985665588367052,0.0,39.17148505871674,0.0,1688.802919800576,562.934306600192,1.0003180525948046,-10.172018082841394,28.999466975875347,0.0,2252.7284736292345,563.1821184073086,1.000758407040072,-15.1077643294676,24.06372072924914,0.0,2809.8528737151014,561.9705747430203,0.9986055288361942,-12.77512160372348,26.39636345499326,0.0,3380.927819573436,563.487969928906,1.0013018963866622,-14.05776181189252,25.11372324682422,0.0,3945.179907463888,563.5971296376982,1.0014958700458274,-16.869067903124847,22.302417155591893,0.0,4497.083845600091,562.1354807000114,0.998898561973142,-21.713473136442275,17.458011922274466,0.0,562.7553208101683,0.6236311634457631,0.0011081746193851,8.0,0.05,0.0,0.0,1.2453275249914869e-05,565.3846153846154,551.25,559.86328125,559.86328125,560.1295081710007,0.0543608971997577,2.461970807089988,0.0464399092970521,560.2664244316262,1122.5248201825566,1684.886890291621,2243.6304038909893,2802.8622517901003,3394.7502409642825,1056.9085428815688,-0.0018994005813064,4.924178156196794,5.897505614681577,5.461637032979361,0.9579612743417912,5.2938061686540445,5.433020975992956,0.5973772171129871,1.9439778026249608,0.9010826471799598,0.8037870476885098,5.122911497051995,12.571365567731316,5.304840931836993,0.7828009049130522,0.5240799558064877,0.4666522633317721,0.3561340031357086,0.604632946148621,0.849264852803332,0.2286803030226954,0.5293236569014543,0.3972498443601724,0.2993361494925968,1.601286270520313,3.680034949653228,2.0417735715089185,OK,563.393671528844,563.393671528844,1.0008357475793557,4.44666864069135,42.15373430817522,0.0,1124.0981912453242,562.0490956226621,0.9984471875009492,0.0,37.70706566748387,0.0,1688.916909382844,562.9723031276147,1.0000872113778283,-10.04847940606555,27.65858626141832,0.0,2253.280443567961,563.3201108919902,1.000705071431045,-14.20396367058207,23.5031019969018,0.0,2806.5486910896766,561.3097382179353,0.9971337625224964,-13.101056623689669,24.6060090437942,0.0,3380.900493530672,563.4834155884453,1.0009951726270991,-11.24720822455322,26.459857442930648,0.0,3945.453755017365,563.6362507167664,1.0012666752506458,-13.171301285314652,24.535764382169216,0.0,4505.768742853919,563.2210928567399,1.0005291717105802,-16.55270626093308,21.15435940655079,0.0,562.9232098188747,0.7631868382793852,0.0013557565667348,8.0,0.05,0.0,0.0,6.576129903003354e-06,565.3846153846154,551.25,559.86328125,559.86328125,559.8596397910524,0.0234364603374765,2.900566373684181,0.0464399092970521,559.9114078176499,1122.372006211927,1684.8846742389528,2803.463186027293,2244.6457165956144,3394.9433543473947,1057.227750068184,-0.0018994005813064,2.65181153022973,2.576827163715105,2.2504089700680923,0.4265207071778557,2.1387976068003223,2.118905514678984,0.2254307285541335,0.5319304930121541,0.3138624692289508,0.3181234119534845,2.0366325385005384,4.503992122337603,2.035797891815838,0.2928129643519561,0.2280132916812668,0.2032443166714907,0.1443157983955532,0.2173473948640538,0.3128309301699437,0.0924695746017451,0.2323319822881834,0.1830943237273076,0.1190998270746739,0.4739543731181697,1.1132396697773077,0.5796546878007193,OK,563.9758008906258,563.9758008906258,1.0016856875743547,5.801291079645452,40.39907703806536,0.0,1123.6475751182031,561.8237875591017,0.99786346514876,0.0,34.59778595841991,0.0,1688.781296011415,562.9270986704717,0.9998230721876714,-8.246604469817356,26.35118148860256,0.0,2252.847058853229,563.2117647133073,1.0003286717194184,-11.138752987551438,23.45903297086848,0.0,2810.634940127208,562.1269880254415,0.9984019839417982,-9.612849928475176,24.984936029944738,0.0,3382.104257264653,563.6840428774422,1.0011674918901077,-10.835107361408443,23.76267859701147,0.0,3947.1575447949695,563.8796492564242,1.0015149112473127,-11.99951900759772,22.5982669508222,0.0,4500.676624391499,562.5845780489374,0.9992147162905776,-16.828959468966122,17.76882648945379,0.0,563.0267137552189,0.7546966080676192,0.0013404277090762,8.0,0.05,0.0,0.0,1.172492963686476e-06,2,01-09_gambiae
gambiae_female,sf2_data_final/2024-01-09_330025_gambiae_female/002/3_006.wav,10504.0,OK,0.0580498866213151,16.0,1411200.0,44100.0,2.0,2024.0,1.0,9.0,21.0,0.0,0.0,69.7,32.0,0.0,34.1,1009.4,668.1818181818181,639.1304347826087,645.99609375,645.99609375,661.1481485419632,0.0528128333813318,3.3663519823849395,0.0464399092970521,657.390312459203,1295.9031205420993,138.35608524305087,2021.9549547800568,38.34080245324286,257.35236270844496,780.5579813955516,-0.0023443141267643,0.8442071709416326,1.0215162289552489,7.026296634096935,7.029374701045184,1.3417246330263286,2.914430175303444,6.941675868670437,1.0509180716536708,1.3273684345729806,0.7458078456773367,0.7239491417621907,0.5439831783658702,2.6620128971742814,7.828855956861389,6.930119138600138,2.4083583726702806,0.8794379663613872,0.5407800997750642,0.4746476565062349,0.3459341616464046,0.3413811630413194,0.4977664453597217,0.3785596490469092,0.3192154172901131,0.2395946958309796,0.3186678902515032,OK,666.8571216935738,666.8571216935738,1.0093511035101588,12.326150256558648,36.305732040171065,0.0,1303.2056771099344,651.6028385549672,0.9862623082970156,0.0,23.979581783612417,0.0,2020.41307136893,673.4710237896434,1.019361867678384,-5.308122011593149,18.67145977201927,0.0,2629.448407067759,657.3621017669398,0.9949794959663124,-2.0950045338983045,21.88457724971412,0.0,3289.7442458112905,657.948849162258,0.9958675934487868,-1.5844158752582125,22.395165908354205,0.0,3940.993958721346,656.8323264535578,0.9941776310993428,-3.1726939278820296,20.806887855730388,0.0,4624.753304991096,660.6790435701566,1.0,-3.7543691920869335,20.225212591525484,1.0,5285.432348561253,660.6790435701566,1.0,-18.79559393382,5.183987849792423,1.0,660.6790435701566,7.273630474970512,0.0110093252476505,6.0,0.05,0.0,0.0,5.324681842466816e-06,689.0625,658.2089552238806,86.1328125,645.99609375,86.1328125,0.0405345754782222,1.6021914449206072,0.0464399092970521,657.3629528459696,1295.8419954162714,2021.273302631912,2626.6150743234907,3277.738940482978,3923.960249857642,1223.452064824568,-0.0023443141267643,6.780849481059345,1.558295067434998,5.180241959358664,4.888337918287836,0.9960262347508128,1.982079990901123,4.698540222669994,0.7164078681472802,0.8573479576167414,0.5239264151825503,0.5035780889405339,0.409766070983855,1.7764986825997509,5.283660542143919,4.670483011086393,1.6308343524299662,0.6079241587824604,0.3951815010460376,0.3003271169461829,0.2279540808639139,0.2365531041476453,0.3893721475221819,0.2549526957222006,0.2320964396082063,0.2136470487967381,0.2174042879597791,OK,666.8901172233387,666.8901172233387,1.0095981303706671,10.391242587222518,35.662640748470395,0.0,1305.1493968345449,652.5746984172724,0.9879261641969094,0.0,25.27139816124788,0.0,2017.745751254855,672.5819170849516,1.0182148879898296,-2.0242444322862774,23.2471537289616,0.0,2625.2640192754893,656.3160048188723,0.9935900897082452,-5.611348108277703,19.66005005297017,0.0,3294.756402517026,658.9512805034052,0.997579606624755,-5.942289591357579,19.3291085698903,0.0,3935.91846645208,655.9864110753466,0.993091121109594,-4.363058551454738,20.90833960979314,0.0,4623.850500643718,660.5500715205311,1.0,-4.91978656900833,20.351611592239543,1.0,5284.400572164249,660.5500715205311,1.0,-16.4017552310716,8.869642930176276,1.0,660.5500715205311,6.950761511582923,0.0105226867897884,6.0,0.05,0.0,0.0,3.080893657170236e-06,747.457627118644,658.2089552238806,86.1328125,172.265625,86.1328125,0.0184616624388998,1.6693852331344174,0.0464399092970521,656.891079227101,1296.0318370620575,2022.6410547473213,2626.8645019418154,3310.904911087886,3961.290628863146,1238.7424715237346,-0.0023443141267643,3.552194629820007,0.8778159091658662,1.997390782712726,1.7513027233091178,0.4089824709556798,0.7412157011227437,1.59110938440044,0.2298958348094443,0.2779608904541794,0.1755326879008263,0.1839349152774186,0.1599508167893393,0.6356120148208178,1.7711153124572636,1.565460088258018,0.5344399983718227,0.1916225083222038,0.1617813734917074,0.1433740367219514,0.0994394049005342,0.0907845866633385,0.165539725721623,0.1062864534376471,0.0985947901874269,0.0904620115136873,0.1267829490675036,OK,666.2477550237998,666.2477550237998,1.0076165067522338,10.706571251933733,32.22687859312835,0.0,1302.6453309437602,651.3226654718801,0.985044173136292,0.0,21.520307341194616,0.0,2021.309873930204,673.7699579767344,1.018992899100823,-5.047592287752501,16.472715053442116,0.0,2631.012211136512,657.7530527841279,0.994769330709843,-1.6569550822865935,19.863352258908023,0.0,3296.6498714720647,659.329974294413,0.997154227516826,0.4452448519574865,21.965552193152103,0.0,3953.0783245542175,658.846387425703,0.9964228627839822,0.3860800527667827,21.9063873939614,0.0,4628.481425139435,661.2116321627764,1.0,0.0987229448331845,21.6190302860278,1.0,5289.693057302211,661.2116321627764,1.0,-11.588720062977046,9.93158727821757,1.0,661.2116321627764,7.094158785610673,0.0107290290136097,6.0,0.05,0.0,0.0,6.326516086119228e-07,3,01-09_gambiae
gambiae_female,sf2_data_final/2024-01-09_330025_gambiae_female/002/1_026.wav,6920.0,OK,0.0377324263038548,16.0,1411200.0,44100.0,2.0,2024.0,1.0,9.0,23.0,25.0,8.0,68.5,32.0,0.0,27.3,1010.1,580.2631578947369,588.0,559.86328125,559.86328125,572.6456550129227,0.0676347735578336,3.13499553388451,0.0348299319727891,1158.6982335953742,560.9941161957053,639.314644550568,83.98650205665861,1766.043325049753,2323.661774280364,834.1096073826641,-0.0020129625832821,4.16160745256215,4.306684284191295,5.084079482250917,3.5095288096976835,4.223044102959655,6.630502468304517,3.514603216547717,5.311497691672698,2.082266295537156,1.7090531841717165,3.919275559275006,8.361718408136166,7.2288492318978275,3.7772448253417057,2.069054987538276,1.1014558600187057,0.7780898719763936,0.7011339781335353,1.173304415115265,1.2238752455279358,0.9390203359089648,0.8505828919498113,1.6739965384372708,3.4464076871248794,5.2598661813883245,5.481661367075427,OK,633.9074185614029,633.9074185614029,1.0701849679662518,-8.891902349431014,25.0114345663236,0.0,1143.022189467091,571.5110947335455,0.964845282924438,0.0,33.90333691575461,0.0,1765.7006894003778,588.5668964667926,0.9936394918216256,-11.169289343464255,22.73404757229035,0.0,2315.94444727985,578.9861118199625,0.977464871663956,-17.827381945203875,16.075954970550733,0.0,2919.963670806634,583.9927341613268,0.985917228921695,-21.22281171741709,12.680525198337516,0.0,3522.8900652879693,587.1483442146615,0.9912446416399529,-30.49622648361978,3.4071104321348287,0.0,4165.894697751441,595.1278139644916,1.004715865242272,-24.75473218237406,9.148604733380548,0.0,4795.481139544665,599.4351424430831,1.0119876498198097,-25.83351183128233,8.069825084472278,0.0,592.3344445456582,17.709457441977275,0.029897733628442,8.0,0.05,0.0,0.0,1.144643577460486e-05,1191.891891891892,588.0,86.1328125,559.86328125,86.1328125,0.0523879269086733,1.0261218819053255,0.0348299319727891,33.78653914085975,1158.7852766557842,561.1320030693794,1765.5439456729932,2322.8907172413856,2924.1787200931494,1087.6147284071085,-0.0020129625832821,20.43128932049513,8.309585081863482,4.326193395333422,2.562733362638486,3.0124569698598966,4.613007404622131,2.3862179989721755,3.555345325375113,1.4127347758776276,1.203089882674247,2.656365847103755,5.677497703914235,4.919777272803202,2.563040716357764,1.393619294813972,0.7478226485781362,0.580619611777645,0.4861246748226757,0.8348936341233948,0.8156939832801356,0.6771291683853933,0.6003762195960746,1.124799044842753,2.318642767924145,3.538232242565857,3.69956539637157,OK,629.0572270984532,629.0572270984532,1.056979037830266,-11.99198934197625,22.892586522553145,0.0,1142.8530552104694,571.4265276052347,0.9601445390346685,0.0,34.8845758645294,0.0,1764.5850278002367,588.1950092667456,0.9883199304759376,-11.129351402120584,23.75522446240881,0.0,2314.2479063944256,578.5619765986064,0.972133941090009,-17.193581040691267,17.69099482383813,0.0,2911.596496018643,582.3192992037286,0.978447216036866,-21.0150438257056,13.8695320388238,0.0,3570.878160780344,595.1463601300574,1.0,-28.07000771626421,6.814568148265181,1.0,4349.226847053029,621.3181210075755,1.0439753355322527,-23.86324025047912,11.02133561405028,0.0,4761.170881040459,595.1463601300574,1.0,-25.92508091131265,8.95949495321674,1.0,595.1463601300574,21.929565161119584,0.036847348199067,6.0,0.05,0.0,0.0,6.081146868662192e-06,1191.891891891892,588.0,86.1328125,559.86328125,86.1328125,0.0205456755159395,0.7433373862374548,0.0348299319727891,34.95206573952125,1158.6991254386178,558.4399365104888,1766.5682588671816,2325.596342284139,2926.114665722112,1088.7671738269994,-0.0020129625832821,11.883748934832624,4.562367699331597,2.27039583350346,1.1833031272566663,1.215450519152217,1.441738842481138,0.7687962895355785,0.946946462006563,0.4557991537952193,0.4465737631087547,0.974941762924188,1.74568871219429,1.484753683596863,0.8509554610319158,0.4781065041791064,0.319624236668745,0.2561096086716779,0.1861628032859448,0.2790315728032976,0.3020792315861123,0.2624698822327701,0.2203981806334312,0.3633884732553351,0.6425022874887089,0.9615307097190572,1.0248082263377931,OK,633.3178827301459,633.3178827301459,1.0867163072161854,-6.963645588840787,23.90291133889757,0.0,1143.483918365731,571.7419591828655,0.9810575818344496,0.0,30.86655692773836,0.0,1765.430873002428,588.4769576674761,1.0097733283029788,-9.083443508544772,21.78311341919359,0.0,2324.040058416504,581.0100146041259,0.9969607281644556,-13.241500323102947,17.625056604635414,0.0,2926.643718136898,585.3287436273796,1.0043712772488833,-14.10634940019974,16.760207527538622,0.0,3496.687471374204,582.781245229034,1.0,-22.69229516774677,8.174261759991587,1.0,3848.09181285002,549.7274018357172,0.9432825890264768,-22.36720267638304,8.49935425135532,0.0,4558.9260556442205,569.8657569555276,0.9778381882065704,-20.77869720236453,10.087859725373832,0.0,582.781245229034,23.83650295821375,0.0409012869809253,7.0,0.05,0.0,0.0,8.336629924507669e-07,1,01-09_gambiae
gambiae_female,sf2_data_final/2024-01-09_330025_gambiae_female/002/1_040.wav,11016.0,OK,0.0609523809523809,16.0,1411200.0,44100.0,2.0,2024.0,1.0,10.0,1.0,10.0,5.0,68.1,32.0,0.0,35.0,1009.3,565.3846153846154,630.0,559.86328125,559.86328125,546.3415941499136,0.0675713041005549,3.252075354384618,0.0580498866213151,557.8867357391873,1078.6237495822268,1285.9339318394532,89.23976520374471,1592.760444680097,2067.56807668479,711.1522971303013,-0.0019411792680098,2.4368854382245897,4.470071715524844,5.586240317185313,3.7158315171028535,6.046145229143055,4.523722328271621,4.744886564850016,3.682429056259795,3.1706093475815003,2.791743341959856,6.664461292362425,7.298324428128667,4.524816571074355,4.483275951785652,2.913732635707613,1.8312669507423096,1.6283709564595623,1.374411410482653,1.0635377999131117,0.681375564579173,1.1188619069498458,1.8007618809629182,3.2055302267602834,4.187400181217543,3.0126227167079223,2.2593071679600905,OK,558.1566792965765,558.1566792965765,1.0539050485542492,-1.24013747103821,22.88694561114561,0.0,1082.927973351897,541.4639866759485,1.0223860975510732,0.0,24.127083082183816,0.0,1592.14052306756,530.7135076891867,1.0020871662674713,-10.45033995432823,13.676743127855586,0.0,2086.614988093984,521.653747023496,0.9849806299517224,-12.588513870595094,11.538569211588722,0.0,2590.8176155846413,518.1635231169282,0.9783904291494098,-17.529060148098573,6.598022934085243,0.0,3234.225355976139,539.0375593293564,1.0178045452282627,-15.848922131449712,8.278160950734105,0.0,3611.089164574537,515.8698806535052,0.9740595997220411,-14.874280370732148,9.252802711451668,0.0,4094.4490878353167,511.8061359794146,0.9663864835757704,-15.310255359062785,8.816827723121033,0.0,529.6081274705515,14.771673581694683,0.0278917048577885,8.0,0.05,0.0,0.0,1.1019351881086115e-05,1191.891891891892,501.1363636363636,86.1328125,559.86328125,86.1328125,0.050626211921316,1.420918994630981,0.0580498866213151,38.60063494748756,557.9080443975329,1078.6437122596192,1286.0343815393535,1592.815433904472,2107.638528816007,736.6228853173358,-0.0019411792680098,13.258341147545195,5.930681681863204,4.561121020133715,2.899597056567234,4.24364341739696,3.181353957827864,3.205728191890749,2.4801355404432024,2.1960094896399425,1.9586350624287456,4.551896854835982,4.989210680491132,3.111544704289374,3.048968217335153,1.972418424616213,1.262980655947122,1.104695895232212,0.956754527177314,0.7666623737046132,0.5244468219698166,0.7975896163811164,1.239996466754574,2.159709455561994,2.8306391403176536,2.052059396591475,1.5069331001134656,OK,558.810377950029,558.810377950029,1.0519932574727366,-1.6860830400964488,21.70890753206825,0.0,1083.191054038424,541.595527019212,1.0195852925848026,0.0,23.39499057216469,0.0,1592.6332442931985,530.8777480977328,0.9994084461886396,-10.180696564480506,13.214294007684192,0.0,2092.6529035868875,523.1632258967219,0.984885406423596,-11.985662816830075,11.409327755334624,0.0,2587.383711449782,517.4767422899564,0.9741802680634394,-16.87988128952758,6.515109282637114,0.0,3243.373729302218,540.5622882170363,1.0176401600387044,-14.950095696741297,8.444894875423401,0.0,3614.789681061108,516.3985258658726,0.9721504625104472,-12.1760631250124,11.218927447152296,0.0,4165.211028420165,520.6513785525207,0.9801567067176348,-12.75916942784492,10.635821144319776,0.0,531.1919767361352,13.880878554979589,0.0261315666706215,8.0,0.05,0.0,0.0,5.7584502861746365e-06,1191.891891891892,580.2631578947369,86.1328125,559.86328125,86.1328125,0.0205165256245112,1.1554955658725623,0.0580498866213151,39.04577536562488,556.6974144477023,1078.4760971246017,1286.1163542254149,1593.0141817192898,2108.469796033062,736.9316807704744,-0.0019411792680098,7.295867198995063,3.2045274607057315,2.2091240709304776,1.3391443057306915,1.560204514575242,1.088840137149958,0.9933403754645636,0.7723031668348155,0.7523316294794017,0.7526209510854749,1.5587325284575797,1.6957216717894563,1.0478054014989522,1.0200152105909013,0.6689660692774734,0.4385418429391603,0.3814850317624202,0.3440902220320782,0.2787476413620607,0.1922671744709823,0.2759931281615665,0.4229162143394422,0.6552166699202562,0.8377303561276572,0.5614489800184164,0.4452273240802776,OK,561.4744567109581,561.4744567109581,1.0700769260642942,-4.415234386399149,20.627797764767408,0.0,1082.1911930635367,541.0955965317684,1.0312382081197888,0.0,25.04303215116656,0.0,1592.8454329878175,530.9484776626058,1.0118994872961766,-8.937962000421436,16.10507015074512,0.0,2096.89694128654,524.224235321635,0.9990841998181186,-9.004516915384507,16.03851523578205,0.0,2597.821606721654,519.5643213443308,0.9902031788474268,-12.613667949413127,12.42936420175343,0.0,3016.055218667524,502.6758697779206,0.9580165991692828,-14.682137834188872,10.360894316977683,0.0,3612.285116903605,516.0407309862293,0.9834878016935058,-16.45958357791924,8.583448573247317,0.0,4012.9151356402735,501.6143919550342,0.9559935989914058,-17.980488318997992,7.062543832168565,0.0,524.7047600363103,18.640720351680383,0.0355261125330565,8.0,0.05,0.0,0.0,8.612702610359216e-07,1,01-09_gambiae
gambiae_female,sf2_data_final/2024-01-09_330025_gambiae_female/002/1_055.wav,7432.0,OK,0.0406349206349206,16.0,1411200.0,44100.0,2.0,2024.0,1.0,10.0,6.0,57.0,54.0,69.3,31.0,3.9,24.3,1010.5,428.1553398058253,432.35294117647055,430.6640625,430.6640625,425.08450763751216,0.0637566361060605,2.588381549834448,0.0348299319727891,421.2263527537455,860.9083542478495,1328.9411697845862,122.6661856999059,1764.5241733700375,2233.59673136754,806.1302470114811,-0.0012479183019059,5.902112563246551,12.678546794019052,6.537313740657472,14.41313011215016,3.178884639737294,4.061741570192847,5.633329964724111,10.410885954748766,17.154001665537127,5.694274000747567,2.3216557756655978,1.9140663675761127,1.5040569522480285,2.7968450156858915,1.5963453964190746,0.8150791630864943,1.2573837994380783,3.3470503884981686,5.74305509572776,3.8227078129153753,1.1318086005070702,0.8608990933432781,0.6127541349578395,0.61318131215796,0.5736414651352433,0.4999565310205356,OK,415.9556895048973,415.9556895048973,0.9583684856275936,0.6435063505290373,32.805966770639216,0.0,862.2440224156239,431.122011207812,0.9933119306379596,0.0,32.16246042011018,0.0,1322.6048166694882,440.8682722231627,1.0157674701232609,-1.2686201562676942,30.893840263842485,0.0,1766.505313919633,441.6263284799082,1.0175140437250367,-4.817272784488239,27.34518763562194,0.0,2168.390466380953,433.6780932761907,0.9992011841397636,-10.325743759375849,21.83671666073433,0.0,2608.610504664219,434.7684174440365,1.0017133082624683,-11.472677367182314,20.689783052927865,0.0,3062.8361820506534,437.5480260072362,1.008117570342696,-12.42986818814332,19.73259223196686,0.0,3493.052441702256,436.631555212782,1.0060060071412205,-12.68929182525509,19.47316859485509,0.0,434.0247991695032,7.578066630490055,0.0174599853395255,8.0,0.05,0.0,0.0,8.892075129551813e-06,1191.891891891892,436.63366336633663,86.1328125,430.6640625,86.1328125,0.0491426100775874,1.2797023106701615,0.0348299319727891,52.5654060527709,421.0286178913096,860.9375382973342,1328.8139087396269,1764.498250956745,2233.5191764525543,823.82329575079,-0.0012479183019059,20.03771017036892,13.051420125703103,5.624779447798656,10.586845041763045,2.2776236594169808,2.825222706004305,4.216178234086885,7.830196892951013,12.252480101170702,4.16316508671623,1.5997135108525995,1.3555189057892334,1.0038198138666623,1.8879772991371049,1.0404764766217725,0.584576411801468,0.8634563912136589,2.2464465555746167,3.934967329074415,2.572600464533352,0.7731297894899799,0.6429678953313162,0.4096242548867064,0.4798303997340757,0.4299005786933199,0.404703204079511,OK,420.6434566926815,420.6434566926815,0.9649947811578964,-2.9920755108867603,31.097122680548782,0.0,863.7169254415326,431.8584627207663,0.9907230365617666,0.0,34.08919819143554,0.0,1322.1301969374615,440.7100656458206,1.0110294278574237,-0.2836735842736644,33.80552460716188,0.0,1765.9967180412905,441.4991795103226,1.0128397276466348,-4.327758816173624,29.76143937526192,0.0,2218.365405608793,443.6730811217587,1.017826857902459,-9.18331174909921,24.90588644233633,0.0,2605.6321734314542,434.2720289052424,0.996259979392902,-9.79408902495814,24.295109166477403,0.0,3063.884360329471,437.69776576135297,1.0041189348459574,-9.731911430439284,24.35728676099626,0.0,3494.9156794923874,436.8644599365484,1.0022072546349603,-9.9897437548442,24.099454436591344,0.0,435.9023125368117,6.808238225704367,0.0156187247231669,8.0,0.05,0.0,0.0,5.079488931057442e-06,1191.891891891892,432.35294117647055,86.1328125,430.6640625,86.1328125,0.0226826396301082,1.209905860081511,0.0348299319727891,53.05089636815564,397.18980971547535,860.374383194275,1329.5833184996604,1764.6361387233717,2621.0486982350017,940.7735584933464,-0.0012479183019059,10.879651621372652,7.020089623648749,3.051196964266538,4.685899798375652,0.9500872988934734,0.8961086980758617,1.9227964179997088,3.856765038787236,4.95848714653452,1.777149268051608,0.6653389861832933,0.4776835658027908,0.3241376477386223,0.5715434050001982,0.3192740676884923,0.2060988779590918,0.3147615211294816,0.6576883780911389,1.1817630756239217,0.7357069350689082,0.2210088449102808,0.2281685492613435,0.185789536043269,0.2092518606634293,0.1728084700040408,0.191674996582473,OK,420.7923548044654,420.7923548044654,0.9684132270828302,-0.5075998897104128,29.744057560078712,0.0,862.489258113668,431.244629056834,0.9924681333175088,0.0,30.251657449789125,0.0,1320.6697169700997,440.2232389900332,1.013131542528372,-2.825626538399419,27.426030911389702,0.0,1764.416909055538,441.10422726388447,1.015159052504638,-7.738528348969492,22.51312910081964,0.0,2167.4279341583847,433.4855868316769,0.99762548260324,-11.930312943930236,18.32134450585889,0.0,2612.0166747555,435.33611245925,1.0018842897662892,-10.873294145867453,19.37836330392168,0.0,3064.1277633531995,437.7325376218856,1.0073994323270157,-11.014700654549024,19.2369567952401,0.0,3489.761278325677,436.2201597907096,1.003918839870106,-10.512252474586589,19.739404975202536,0.0,434.5173558523424,6.02082029889325,0.0138563401848078,8.0,0.05,0.0,0.0,1.0248350008623677e-06,1,01-09_gambiae
gambiae_female,sf2_data_final/2024-01-09_330025_gambiae_female/002/1_047.wav,7432.0,OK,0.0406349206349206,16.0,1411200.0,44100.0,2.0,2024.0,1.0,10.0,2.0,55.0,52.0,67.5,32.0,0.0,38.7,1008.8,537.8048780487804,544.4444444444445,559.86328125,559.86328125,540.1771198018323,0.0601982447747532,2.316556914782446,0.0348299319727891,521.2461594343054,1114.5664148469762,79.14900318522125,1598.9459990981031,2192.84557714337,252.1609753602717,827.2230996446447,-0.0018252624544073,1.5591100973665482,11.343876382335434,11.059061837673394,3.2291780621660733,11.898698425874048,3.3002335298558867,1.8446236334382824,2.7378545602080377,2.0734729070864346,6.245158922105916,11.907471090443302,12.318807057307684,3.1392593552126824,1.600427342959967,0.9044338821919192,1.1080007674044852,0.8230270509174751,1.0603329816479137,0.6750076143882036,0.5669418653430641,0.3228724367611922,0.5391463100391569,1.2484351149806756,3.245808721752399,3.5698595590798234,1.853878653729824,OK,527.9126343784909,527.9126343784909,0.9685185353139724,9.100409246644665,32.91295126442493,0.0,1106.190383600485,553.0951918002423,1.0147189329579664,0.0,23.81254201778027,0.0,1616.540730308012,538.8469101026707,0.9885787650176416,-6.623582352036006,17.188959665744264,0.0,2185.0537081885013,546.2634270471253,1.0021852477202788,-4.545302086140314,19.26723993163996,0.0,2751.0956071669884,550.2191214333977,1.009442439694198,-9.43945899827209,14.37308301950818,0.0,3270.125125446654,545.020854241109,0.999905600074564,-11.842022297674138,11.970519720106132,0.0,3835.644406690704,547.9492009558147,1.005278000517977,-7.324081498017193,16.488460519763077,0.0,4410.169058021243,551.2711322526553,1.0113724787034015,-7.608009824439019,16.20453219334125,0.0,545.0723090264382,7.682688966398955,0.014094806944277,8.0,0.05,0.0,0.0,7.590371491720102e-06,565.3846153846154,544.4444444444445,86.1328125,559.86328125,86.1328125,0.0457461376149411,1.8710715266919884,0.0348299319727891,41.626791308550445,520.9374571974522,1114.4846081890914,1599.383667175333,2193.178014040516,250.47993165385432,835.7922606582673,-0.0018252624544073,11.607200964167086,9.2111358024848,8.08263768707437,2.4291140724584706,8.386063837365283,2.271807486914049,1.2449589761053168,1.8214642720961087,1.5147133661535686,4.455787029053263,8.309096664542238,8.51363619219782,2.1268319575171306,1.1257045774364105,0.6183242140344446,0.7687589968948476,0.5440368822841697,0.7823660917104756,0.4807228698724211,0.3932617415315562,0.250193559757935,0.3932291043065331,0.8122031746739582,2.20365484633583,2.393767205115896,1.225703611549445,OK,527.2009043885942,527.2009043885942,0.9669677207465236,9.380200971086577,33.34511644659679,0.0,1106.7120396748044,553.3560198374022,1.0149402339969071,0.0,23.96491547551021,0.0,1618.318106986127,539.4393689953757,0.9894149512572166,-6.403115768315459,17.561799707194755,0.0,2187.0895586806514,546.7723896701629,1.002864841477548,-1.6690866593915423,22.29582881611867,0.0,2749.61074605078,549.9221492101559,1.00864198597395,-6.513024681476015,17.4518907940342,0.0,3265.281805906792,544.2136343177987,0.9981716897579148,-9.916972628817083,14.047942846693129,0.0,3846.6128046301296,549.5161149471613,1.0078972565499968,-5.620904607153022,18.34401086835719,0.0,4410.10403158003,551.2630039475038,1.011101320239943,-6.528672066963928,17.436243408546286,0.0,545.2104481642693,7.943590053278522,0.0145697685728963,8.0,0.05,0.0,0.0,4.239585125885372e-06,595.9459459459459,544.4444444444445,86.1328125,258.3984375,86.1328125,0.0211347675585663,2.0076756044887705,0.0348299319727891,42.30309824136312,520.2505654804307,1114.761485534757,250.22493521525857,1598.527519885817,2193.489550601116,835.7296440588857,-0.0018252624544073,6.290922373613127,4.251951217791346,3.45642929693039,1.0220439622424848,3.448256371579016,0.9022140546786508,0.3929188196207207,0.5625284362867216,0.5797516245735336,1.8803677656697493,3.2965749139135867,3.104669161369676,0.8226607565602742,0.395644123909027,0.2487388197034615,0.2899318735540342,0.195772940935362,0.2491015149012551,0.1537935198768219,0.1756218193932176,0.1035581495767398,0.1094239795481736,0.2437066160118372,0.6301028952599661,0.6918414186494228,0.3550188231803955,OK,531.7298862689609,531.7298862689609,0.9749914829221936,6.880855283837711,32.39269327999108,0.0,1107.1173109833817,553.5586554916907,1.0150171888763448,0.0,25.511837996153368,0.0,1610.5176857112897,536.8392285704298,0.9843600840783574,-7.300868727226998,18.21096926892637,0.0,2186.825729859824,546.7064324649559,1.002452803720137,-6.463382052775589,19.04845594337778,0.0,2744.4583144678422,548.8916628935684,1.0064596897559577,-9.92719463263396,15.584643363519408,0.0,3279.08220327,546.513700545,1.0020994062803903,-12.934638035985143,12.577199960168224,0.0,3833.165239173064,547.5950341675805,1.004082163126373,-9.728834367143534,15.783003629009832,0.0,4408.923194618826,551.1153993273532,1.0105371812402473,-10.076864842269009,15.43497315388436,0.0,545.3687499661924,6.886013294386892,0.012626343725807,8.0,0.05,0.0,0.0,8.631018967467494e-07,1,01-09_gambiae
gambiae_female,sf2_data_final/2024-01-09_330025_gambiae_female/002/4_052.wav,6408.0,OK,0.0348299319727891,16.0,1411200.0,44100.0,2.0,2024.0,1.0,10.0,5.0,34.0,25.0,61.7,30.0,0.0,29.7,1009.8,588.0,621.1267605633802,559.86328125,559.86328125,581.0883023216975,0.0476225947576635,2.842231695823941,0.023219954648526,562.2602128155571,1246.46000571094,88.48785717417722,1809.4820615609424,3098.30167688925,2455.9929393847265,1139.203466449227,0.0003907121057089,1.5161092411398869,5.006451281993253,5.951802515963282,3.813929273473844,4.812130833626555,5.7380734015139,2.553979036495138,1.6338529861160882,1.6053540417407548,2.1340001344774087,4.3761035061119005,6.433549810833974,6.4187206630229685,3.888568320396496,2.4558439424847665,1.4726334580380105,1.1723224777654908,0.6831589159286423,0.365590808406105,0.8466278582577871,0.5676742351130906,0.3550734265135297,0.9374171202021035,0.5830636296757518,0.7473637277986163,0.9169972333632752,OK,567.5621627688697,567.5621627688697,0.9299251315436624,11.746903198734383,37.350277015641936,0.0,1242.789401834187,621.3947009170935,1.0181273292986992,0.0,25.60337381690756,0.0,1811.6691543946188,603.8897181315396,0.9894462006270636,-2.425255357477585,23.178118459429967,0.0,2458.730044624905,614.6825111562264,1.007129707618161,-5.29512295725333,20.308250859654223,0.0,3095.4833290186475,619.0966658037295,1.0143621019011195,-3.054636196743377,22.54873762016417,0.0,3721.2643578480897,620.210726308015,1.016187440038428,-2.2376363752226,23.36573744168496,0.0,4378.365043362723,625.480720480389,1.0248220889728654,-5.525981696355817,20.07739212055173,0.0,4882.648234932415,610.3310293665519,1.0,-15.267117320648918,10.336256496258637,1.0,610.3310293665519,18.57788469071057,0.0304390302914667,7.0,0.05,0.0,0.0,4.2005958675872535e-06,612.5,612.5,86.1328125,602.9296875,86.1328125,0.0381801880787993,1.3564570351023248,0.023219954648526,50.39518906071294,562.2244425027037,1246.3524550165437,1809.2013126555,3100.700103126236,2456.1615570536487,1149.675192968544,0.0003907121057089,9.079673493329889,6.083396082718879,4.410144421549557,2.619782373799575,3.388048472549712,3.960637283264437,1.7121837145107208,1.1333985562038955,1.0787940307732402,1.4712544206469471,3.0276023047776306,4.41713544584352,4.444436945781342,2.690444371471463,1.639228162686183,0.9700586681389146,0.8568960628306173,0.5086986627624565,0.2657782414616168,0.5613765464634661,0.3902406457587852,0.2586171671410736,0.6717994486753076,0.4114510676783056,0.5183163803984931,0.6383820377712013,OK,569.6548946054261,569.6548946054261,0.9324199223595104,11.569358377088736,37.54070565526186,0.0,1240.6430410182809,620.3215205091403,1.01535183752208,0.0,25.971347278173123,0.0,1810.4559480431728,603.4853160143908,0.9877940781900956,-4.142200713558761,21.82914656461436,0.0,2465.516817561416,616.379204390354,1.0088989936613393,-3.835751823176832,22.13559545499629,0.0,3100.7629795912785,620.1525959182557,1.015075339144889,4.1511175916047485,30.122464869777872,0.0,3737.182067582575,622.8636779304292,1.019512880019618,-1.4734388558174167,24.497908422355707,0.0,4366.178681080549,623.7398115829355,1.020946949102466,-2.8354145756076825,23.13593270256544,0.0,4887.539452515352,610.9424315644189,1.0,-5.641847556338284,20.32949972183484,1.0,610.9424315644189,18.00202872036775,0.0294659984153835,7.0,0.05,0.0,0.0,2.600244746039001e-06,630.0,621.1267605633802,86.1328125,559.86328125,86.1328125,0.018792988733774,1.345483090460704,0.023219954648526,51.05981934446394,560.9410721808691,1247.1460225140545,3099.453644573089,1810.364061916008,250.13606608566624,1149.6032737169442,0.0003907121057089,5.085770175477268,3.191256276096272,1.9089729611000792,1.0235800390437737,1.373349947948654,1.4104767198242008,0.5599162172324421,0.3261261835904984,0.3812361199663644,0.5735204226965145,1.1925950566114087,1.683955082161751,1.572649066653826,0.896829051815005,0.5493201836392541,0.3374175340917767,0.3059264915973894,0.2121415786841055,0.1035160283336016,0.2171881386287662,0.1945921321848413,0.1251448246991362,0.2781863211464502,0.1661449264123191,0.15270360935685,0.1728238031771225,OK,567.0612712862554,567.0612712862554,0.9259459968922,12.658580865586842,34.441182908411065,0.0,1245.5337586399546,622.7668793199773,1.0169068636893133,0.0,21.782602042824223,0.0,1815.503670017975,605.1678900059917,0.9881697332771616,2.191046317029741,23.973648359853964,0.0,2458.985655863044,614.7464139657609,1.003810363956394,4.469491341621502,26.252093384445725,0.0,3096.917807334847,619.3835614669695,1.0113822938044743,7.138593494273302,28.921195537097525,0.0,3749.4827817339897,624.9137969556649,1.0204125338718546,2.0248135172815296,23.80741556010576,0.0,4370.1153432436295,624.302191891947,1.0194138529724448,-0.0348736468500483,21.74772839597417,0.0,4967.689428574412,620.9611785718015,1.0139583615361576,-7.011384892583909,14.771217150240314,0.0,612.412897933046,18.17003524420697,0.0296695828999236,8.0,0.05,0.0,0.0,6.238771372106081e-07,4,01-09_gambiae
gambiae_female,sf2_data_final/2024-01-09_330025_gambiae_female/002/3_013.wav,6408.0,OK,0.0348299319727891,16.0,1411200.0,44100.0,2.0,2024.0,1.0,9.0,21.0,57.0,18.0,69.4,32.0,0.0,27.6,1010.1,648.5294117647059,639.1304347826087,645.99609375,645.99609375,646.9891745044578,0.065285663272493,3.9179190773631154,0.023219954648526,1291.7129491956164,680.6095822502115,77.94924382782108,2539.653410580367,157.45824010814033,1976.795706509152,998.44053123994,-0.0022748476460678,1.430927977823316,0.8196242700573573,3.0559077703667445,2.2919780179510023,0.6736309188718069,2.691171297090376,3.198832694485777,0.663438496119813,4.973374347855638,0.4892011334547054,0.455687792856118,0.885519097215901,2.80566393623993,7.750727583373858,3.2416743819766807,1.146848828373705,0.3865008302632988,0.4490122530932069,0.45598902453573,0.1925335536230947,0.3696072542975793,0.5706226573806479,0.1693750254448184,0.2093733310837537,0.1796866136036842,0.3593769968433289,OK,673.334769406632,673.334769406632,1.0303512332231832,-8.245630885729497,37.957222671603006,0.0,1291.568589650404,645.784294825202,0.9881929090869208,0.0,46.2028535573325,0.0,1969.0807019709648,656.3602339903215,1.004376436889706,-20.709425512633672,25.49342804469883,0.0,2537.342862544639,634.3357156361598,0.9706740488972442,-18.59201608360553,27.61083747372697,0.0,3267.8193899108114,653.5638779821622,1.0000973932513135,-28.888546352752524,17.31430720457998,0.0,3945.734981873004,657.622496978834,1.0063079786516322,-29.914663199821035,16.288190357511468,0.0,4574.501620289197,653.5002314698852,1.0,-35.701214142929345,10.501639414403158,1.0,5228.001851759082,653.5002314698852,1.0,-37.622689306399465,8.580164250933038,1.0,653.5002314698852,11.870130431969566,0.0181639268975784,6.0,0.05,0.0,0.0,7.401473339996301e-06,1191.891891891892,648.5294117647059,86.1328125,645.99609375,86.1328125,0.0484358147049654,1.4005753720137508,0.023219954648526,44.08204462416275,1291.666567961497,681.04201058798,2540.766993946037,1975.973039916341,3189.156654013815,1175.5630492719272,-0.0022748476460678,9.585777680411258,2.620025709566171,2.219752040178187,1.70089078783229,0.4724483252528634,1.7939540938430647,2.1702915673600627,0.4281781310929032,3.336557597818334,0.361735182649408,0.2627625601608374,0.5569071466903878,1.85086636495487,5.231822521165514,2.1656601804431195,0.8044149087598775,0.2255176430209351,0.3075599759634052,0.344489947549853,0.1254040933673968,0.2717401902968479,0.4267034955684426,0.1209981967623832,0.1463058331665366,0.0833793131130658,0.2506974125642379,OK,678.7372241479062,678.7372241479062,1.0406961979389948,-12.984312099791453,41.56431467072623,0.0,1291.4867207607097,645.7433603803548,0.9901072699170872,0.0,54.54862677051768,0.0,1965.1513650651864,655.0504550217287,1.0043776792338823,-20.5277015310539,34.02092523946378,0.0,2540.759140065368,635.189785016342,0.9739256529890056,-18.20688962705937,36.3417371434583,0.0,3200.7934424026034,640.1586884805207,0.9815443878382524,-28.705941524818133,25.842685245699546,0.0,3922.670081060324,653.7783468433873,1.0024271774822968,-28.818333821767105,25.730292948750574,0.0,4596.967276229886,656.7096108899838,1.006921634600481,-36.480289735671406,18.06833703484628,0.0,5217.562823748826,652.1953529686033,1.0,-43.76844592931975,10.780180841197923,1.0,652.1953529686033,13.15406384439686,0.0201689015178096,7.0,0.05,0.0,0.0,3.973929172692199e-06,1191.891891891892,648.5294117647059,86.1328125,645.99609375,86.1328125,0.0187107082263415,1.0512267794724843,0.023219954648526,44.43415133301372,1291.9519548371568,679.2844442881059,2540.4263931468845,1979.122902008638,3273.762496465693,1198.7271395924229,-0.0022748476460678,5.254579018604895,1.504601660834857,0.9479066260708444,0.6655392481080676,0.255477399029128,0.6019682432823343,0.6889599622756098,0.1609870487318448,0.8949481572493001,0.1063269634606714,0.1404212043734602,0.2375456549817575,0.6296665543078479,1.5674083765307134,0.7013298091838591,0.2590176624214438,0.1237256705477547,0.1570478845428818,0.1605607529772343,0.076276706891323,0.1088177176908138,0.1930990993505201,0.0693446044022879,0.0936577957777259,0.0652129682821999,0.0792993768377798,OK,672.828557326862,672.828557326862,1.028205228982055,-9.826578172703208,32.35172473569983,0.0,1292.687354204383,646.3436771021915,0.98773148267711,0.0,42.17830290840304,0.0,1977.295932758576,659.0986442528587,1.0072234078889573,-15.213333160427275,26.964969747975765,0.0,2540.488408801332,635.122102200333,0.9705828615820936,-10.583995435982295,31.594307472420745,0.0,3276.711359472777,655.3422718945556,1.00148298314219,-18.03720518047685,24.14109772792619,0.0,3944.9750643694783,657.4958440615798,1.0047740357275945,-17.610044495560857,24.568258412842184,0.0,4580.602946311444,654.3718494730634,1.0,-25.147016460654548,17.031286447748492,1.0,5234.974795784508,654.3718494730634,1.0,-29.2941487570399,12.88415415136314,1.0,654.3718494730634,11.6096083571354,0.017741607262727,6.0,0.05,0.0,0.0,6.106606633693445e-07,3,01-09_gambiae
gambiae_female,sf2_data_final/2024-01-09_330025_gambiae_female/002/4_022.wav,10504.0,OK,0.0580498866213151,16.0,1411200.0,44100.0,2.0,2024.0,1.0,9.0,23.0,0.0,45.0,68.6,32.0,0.0,26.6,1010.2,595.9459459459459,588.0,602.9296875,602.9296875,599.8615599840997,0.0873109632535266,2.62559372110743,0.0464399092970521,600.221475349587,1807.000739871104,1196.695294452335,2408.602282498948,81.34622658256887,167.362508534378,933.7835990287148,-0.0021103977147529,1.753224923030791,4.00273529397287,6.017857083965714,7.2534252129773185,3.579455289386357,12.450126437816902,2.442565154968954,1.897410446126036,1.3473181686141198,1.1726770142043734,3.2853913951071405,9.19076261881172,14.950542185003382,7.276691044271908,2.341399807293847,0.6214397840897806,0.8084119778904102,0.8531127201306267,0.8324898380662504,1.9263084237829056,0.7437568779439843,0.6595909282285334,0.3447769285032257,0.3150045053518056,0.8583689405048112,2.1628631165214625,OK,599.0909920291091,599.0909920291091,1.004248898731242,12.83538742352946,44.85040366697238,0.0,1187.2187400277155,593.6093700138578,0.9950601228268804,0.0,32.01501624344292,0.0,1803.563594973959,601.1878649913197,1.0077638612179036,1.3715414963890922,33.386557739832014,0.0,2404.218459188791,601.0546147971977,1.0075404955481086,-1.3220605598890884,30.69295568355384,0.0,2975.79410953508,595.1588219070159,0.9976574500744008,-5.0069033919748165,27.008112851468105,0.0,3555.7312679023144,592.6218779837191,0.9934048020209144,-10.685653708569948,21.32936253487297,0.0,4200.023185164525,600.0033121663607,1.0057782098130563,-17.774273239717715,14.240743003725209,0.0,4717.787395295253,589.7234244119066,0.9885461597674938,-20.4363399309679,11.578676312475022,0.0,596.5562847875608,4.0742789792685326,0.0068296639951072,8.0,0.05,0.0,0.0,1.4906698561389933e-05,621.1267605633802,588.0,86.1328125,602.9296875,86.1328125,0.0649819689406137,1.773275065735728,0.0464399092970521,32.20976276032075,600.1131104159363,1806.9572404023995,1196.8382496057466,2408.579077440105,2971.8664359586696,1108.3497108026245,-0.0021103977147529,12.484536673887408,5.26586460672298,4.669325136205977,5.189328602552543,2.490436711131641,8.498870121849006,1.6928480597505096,1.2653020791200222,0.9074378607693578,0.784756906751034,2.245459051975491,6.309334411586077,10.261599852804377,4.985003914224448,1.5689892254947808,0.4442219414905199,0.5722040649942433,0.5993265376460182,0.554010166931192,1.3298056925795434,0.4893547279110731,0.4919053180897054,0.2659569729474265,0.2064169019889987,0.5612223454280519,1.4845128295834622,OK,603.2476734470707,603.2476734470707,1.0105921235309712,9.757565125811958,46.64310052952978,0.0,1187.371581520223,593.6857907601114,0.9945735564400264,0.0,36.885535403717824,0.0,1803.1594224059183,601.0531408019727,1.006915727411124,1.584150069992596,38.46968547371042,0.0,2401.337536016115,600.3343840040287,1.0057116283474907,-2.661572624246737,34.22396277947109,0.0,2973.698341786147,594.7396683572294,0.9963390674327623,-7.488169151096493,29.39736625262133,0.0,3554.9359491007253,592.4893248501209,0.9925691740313872,-11.474108616226257,25.411426787491568,0.0,4203.65534054144,600.52219150592,1.0060262533191326,-16.83488787199626,20.05064753172157,0.0,4714.620717173539,589.3275896466923,0.987272469487104,-19.232787569286018,17.652747834431807,0.0,596.9249704216434,4.666977622212684,0.0078183655458677,8.0,0.05,0.0,0.0,7.97289285401348e-06,668.1818181818181,588.0,86.1328125,602.9296875,86.1328125,0.0273054920316295,1.8942828428097216,0.0464399092970521,32.24672086295417,599.3206727819617,1807.873457787624,2408.799864841857,1196.6555429033942,2972.8990597204606,1108.8392958515713,-0.0021103977147529,6.654673403626682,2.60939891573264,2.140275132600129,2.0474221236290857,1.0395957186294698,3.068097728072978,0.606003307934532,0.3851804276695335,0.3173814706189877,0.3063448644498556,0.9233755394917454,2.33311080803009,3.676921812426033,1.747500837603625,0.5532218439042842,0.2112868534853801,0.2583802198301174,0.2627537250435247,0.2209937029256711,0.4896495236490195,0.1968024365499667,0.2552263892101593,0.1480965962952239,0.0952972849345565,0.1687018307374023,0.4901904614475832,OK,596.978006159682,596.978006159682,0.9983772935503786,10.06836900443916,36.636191282349685,0.0,1187.42021243248,593.71010621624,0.9929121054404932,0.0,26.56782227791053,0.0,1806.6835185641844,602.2278395213948,1.0071570381459531,4.167432606142565,30.73525488405309,0.0,2402.2684065270005,600.5671016317501,1.0043796443685409,2.6748061125362845,29.24262839044681,0.0,2977.3243062590063,595.4648612518013,0.995846732118815,-0.1892864804584597,26.378535797452063,0.0,3554.1119853633736,592.3519975605623,0.990640824371488,-3.991327888772396,22.57649438913813,0.0,4201.16310720185,600.1661581716928,1.003709112385137,-9.178956897085904,17.388865380824623,0.0,4816.9626822186365,602.1203352773296,1.0069772496191942,-12.0239696845467,14.543852593363829,0.0,597.9483007238066,3.603595069885639,0.0060265997336618,8.0,0.05,0.0,0.0,1.3773951650364324e-06,4,01-09_gambiae
gambiae_female,sf2_data_final/2024-01-09_330025_gambiae_female/002/3_020.wav,6920.0,OK,0.0377324263038548,16.0,1411200.0,44100.0,2.0,2024.0,1.0,9.0,22.0,43.0,2.0,68.5,32.0,0.0,28.8,1010.0,678.4615384615385,689.0625,689.0625,689.0625,683.863957756059,0.0689462073397183,2.8745475258752897,0.0348299319727891,682.303024373883,1383.4797507170183,82.6656224129691,2065.677684913423,2764.442755220376,219.6316295817201,1068.467283481238,-0.0020141399890956,2.031796336016315,1.8361060794646096,10.010089343228664,9.42877818347263,2.770561023138656,6.4843752494746445,12.67023177944612,2.379735644771809,1.727808865881978,3.795293781447659,2.03089339721347,3.063888481313927,6.345111264702878,9.504390996546237,13.790180347752392,6.776466963949651,2.465916797160145,1.4469922860523936,1.0660193728095972,0.7719843306709318,0.6038888761460725,0.4798228988129809,1.1543724869889498,0.7218152729263924,0.5629802018972809,0.7837279490188821,OK,673.186061645364,673.186061645364,0.9749515325417466,7.626448766451627,39.41760213485789,0.0,1392.8180410833636,696.4090205416818,1.0085845214821003,0.0,31.79115336840626,0.0,2064.8445744347537,688.2815248115845,0.996813757247295,-11.350762357622646,20.44039101078361,0.0,2772.664241233631,693.1660603084077,1.0038878570240235,-13.463463267316383,18.327690101089875,0.0,3476.7666405557457,695.3533281111492,1.0070555995217665,-10.991552546810729,20.799600821595533,0.0,4178.960428667713,696.4934047779522,1.0087067321830665,-16.063359806576425,15.727793561829834,0.0,4833.370966895497,690.4815666993567,1.0,-15.877344449585197,15.913808918821063,1.0,5523.852533594853,690.4815666993567,1.0,-17.9245294138744,13.86662395453186,1.0,690.4815666993567,8.227921474135588,0.0119162072833699,6.0,0.05,0.0,0.0,1.2883758664919209e-05,700.0,678.4615384615385,86.1328125,689.0625,86.1328125,0.0517834513691005,1.5526592550705598,0.0348299319727891,682.2748201844214,1383.4093028759453,2065.0828034265187,210.6215282355364,2764.4936086519874,3486.168966938604,1247.834667165745,-0.0020141399890956,12.970794231264634,4.24524450444476,7.041686860708158,6.569498844504586,1.9288950388445645,4.4234018571520455,8.53931281296435,1.554027776537617,1.108246211573864,2.5512730179417344,1.4210625239283303,2.090932437051954,4.313724312668842,6.417419074671538,9.305990285413708,4.563905251573868,1.6662947876394942,0.9781915006381408,0.7296417077605926,0.5283578588774133,0.4396059798708105,0.3749179078744398,0.8571628658475346,0.5368008422254112,0.3594690280847628,0.5620974648695419,OK,673.77424808084,673.77424808084,0.9733942197449192,6.112322633836158,39.43111607251941,0.0,1393.3719529832374,696.6859764916187,1.0064945409028474,0.0,33.31879343868325,0.0,2063.8736292466,687.9578764155334,0.9938851510551112,-10.354464246452745,22.964329192230508,0.0,2774.791444783034,693.6978611957585,1.0021776437147958,-13.036923853844492,20.28186958483876,0.0,3481.5024703080576,696.3004940616115,1.005937638690792,-14.4066633344706,18.91213010421265,0.0,4228.359869749231,704.7266449582052,1.018110805891535,-17.43989130042886,15.87890213825439,0.0,4845.333618070828,692.1905168672612,1.0,-18.048786528137374,15.270006910545876,1.0,5537.524134938089,692.1905168672612,1.0,-16.28093011106595,17.037863327617302,1.0,692.1905168672612,9.605570132452907,0.013877061153519,6.0,0.05,0.0,0.0,6.860971692591333e-06,747.457627118644,678.4615384615385,86.1328125,689.0625,86.1328125,0.0222971485112985,1.5013561155512831,0.0348299319727891,681.5657705283857,1383.7501776771512,211.2968664057516,2067.3448231819057,2764.47346003248,3455.5918382719087,1239.4775083900067,-0.0020141399890956,7.3258046309325,2.5194370774034707,2.6146418363063795,2.427819583841187,0.8119083192911902,1.6113020778734242,2.7178302578290943,0.5091919905353167,0.3530031415082112,0.7503376898962817,0.5366991280376804,0.776938395434994,1.5395485746238873,2.168781321525288,3.0569432873014484,1.4614281231293536,0.5614522122950156,0.3229670606139309,0.3229213654394845,0.2248068688758677,0.1876736423929686,0.1339263359471908,0.3529866422956798,0.1910340252082365,0.1753383043918292,0.2772126047203259,OK,674.2988494215078,674.2988494215078,0.9743673200689148,3.898024486108071,36.28113358082042,0.0,1395.7324811103056,697.8662405551528,1.0084223918810735,0.0,32.38310909471235,0.0,2068.253661197659,689.4178870658862,0.9962144523963872,-6.112607831010397,26.27050126370196,0.0,2772.949911447926,693.2374778619815,1.0017337921534462,-6.918082765457125,25.465026329255227,0.0,3466.120229275553,693.2240458551106,1.0017143827943034,-9.646576059789844,22.73653303492251,0.0,4225.08761970993,704.1812699516549,1.0175476607058762,-14.802107646168192,17.58100144854416,0.0,4844.263399163175,692.0376284518821,1.0,-14.341022759616806,18.042086335095547,1.0,5536.301027615057,692.0376284518821,1.0,-15.504985394841576,16.878123699870777,1.0,692.0376284518821,9.18164200279506,0.0132675473490289,6.0,0.05,0.0,0.0,1.1512924034972316e-06,3,01-09_gambiae
gambiae_female,sf2_data_final/2024-01-09_330025_gambiae_female/002/2_050.wav,6408.0,OK,0.0348299319727891,16.0,1411200.0,44100.0,2.0,2024.0,1.0,10.0,4.0,36.0,34.0,64.2,32.0,0.0,34.8,1009.3,506.8965517241379,506.8965517241379,516.796875,516.796875,509.07207243137054,0.0458933658498765,2.8644211003115627,0.023219954648526,510.7003352839265,996.533976268384,1509.809241213214,87.71401308641546,2024.1045473669656,210.1155290408192,765.6996627989072,-0.0010033252704976,1.3950498009007075,5.971022225168706,5.3202649595761775,2.348711187837345,7.6272909410245315,1.3681841450815595,2.9822125688046173,1.257171039925094,1.929936415490908,5.876300446500249,8.570852465519508,2.8614860553834465,1.0548383865635584,0.8342382703662894,0.6578428221332662,0.9445516282656512,1.0073290096224503,0.45422934552742,0.5547479340811043,0.5487593711435209,1.8076835727079668,3.4674805223444967,3.206006540893067,1.388457262035513,0.4409442396546384,0.3173109899310249,OK,509.0663758367027,509.0663758367027,1.010477561439472,-0.5816318243577498,38.97635983012434,0.0,1007.677629618079,503.8388148090395,1.0001010499073029,0.0,39.55799165448209,0.0,1513.7577041591592,504.5859013863864,1.001583988594072,-9.047897693374676,30.51009396110741,0.0,2024.2655930522608,506.06639826306537,1.004522719071422,-15.757998124394533,23.799993530087555,0.0,2573.843842650964,514.7687685301928,1.0217965959245476,-21.00024239496124,18.55774925952085,0.0,2981.466075391585,496.9110125652642,0.9863496236695768,-22.394639151987707,17.16335250249438,0.0,3478.369770243508,496.909967177644,0.9863475486145674,-24.444456471718784,15.113535182763304,0.0,3985.248145068232,498.156018133529,0.9888209127790392,-25.67321109864252,13.884780555839566,0.0,503.787907087728,5.92229229012752,0.0117555268929792,8.0,0.05,0.0,0.0,3.973281006134736e-06,1191.891891891892,501.1363636363636,86.1328125,516.796875,86.1328125,0.0363550635098582,1.3163840689351998,0.023219954648526,510.4108018770197,996.5043839646444,1509.7529966100158,2023.7070365814668,2501.191522096168,2975.291221591286,927.636901317147,-0.0010033252704976,8.478918068671907,6.072906911100589,4.295161933856507,1.7844818723737108,5.306743528996384,0.9053266687545132,1.9924531259558067,0.8731912187046517,1.3269655562899694,4.098173037024339,5.884642515614132,1.981910016123981,0.6561574321643109,0.5357231634543486,0.4500388588251168,0.6445875039499487,0.7201212223788291,0.3255697089663093,0.3596079780691368,0.3764998761836057,1.2006590168715685,2.360263709844963,2.172436189872228,0.9325033700812464,0.2846693583167647,0.1939861674964864,OK,508.73220607974525,508.73220607974525,1.013541630188136,-1.315043858782488,36.8022887845143,0.0,1008.6023648486376,504.3011824243188,1.0047137500471663,0.0,38.11733264329679,0.0,1513.9446295126832,504.648209837561,1.0054051289807864,-7.2513465516723485,30.865986091624443,0.0,2022.61954940002,505.65488735000486,1.007410721618411,-13.900107557804382,24.21722508549241,0.0,2510.86115323606,502.1722306472119,1.0004722626222036,-17.632054908629815,20.485277734666976,0.0,2980.8729127365523,496.81215212275873,0.9897934365901848,-18.19546046385547,19.921872179441323,0.0,3476.245143802367,496.60644911462384,0.9893836167287566,-21.759365179445965,16.357967463850827,0.0,3972.4333262938258,496.5541657867282,0.9892794532243556,-20.901044752393368,17.216287890903423,0.0,501.93518542036907,4.425022303928119,0.0088159237137802,8.0,0.05,0.0,0.0,2.414379802454884e-06,1191.891891891892,512.7906976744185,86.1328125,516.796875,86.1328125,0.0167441657413137,1.2965704635115385,0.023219954648526,509.8235315863888,996.3826301952138,1510.7488067275235,2025.2520252595536,2582.32954203734,2500.9148786809824,833.3362032446522,-0.0010033252704976,4.784580181032151,2.969484974366624,2.045012582591249,0.9034262054206176,2.023121886831857,0.3445215699298792,0.5854232687425818,0.3108056981722018,0.6149736773339461,1.5887907075087926,2.145047649449624,0.8026255774663178,0.3126179829704743,0.2398362281126848,0.191954029278116,0.2168730272083175,0.2489962110120964,0.134237954788165,0.2029488284811888,0.1392586490411934,0.3368449172816358,0.6860709059470299,0.6264102855110197,0.2735804234179061,0.1183341938032086,0.1220151542376475,OK,506.31347344746825,506.31347344746825,1.0057839551997174,5.3442789320259045,35.62698505388815,0.0,1008.287012800848,504.143506400424,1.0014733489178649,0.0,30.282706121862244,0.0,1516.3494967995082,505.4498322665027,1.004068345229968,-7.853078874594384,22.42962724726786,0.0,2030.9724757395345,507.7431189348836,1.0086239240495989,-11.298043120670734,18.98466300119151,0.0,2578.695932791842,515.7391865583684,1.0245079898352336,-12.987193737451705,17.29551238441054,0.0,2982.5515738387107,497.09192897311846,0.9874654984316024,-14.158109953763152,16.124596168099092,0.0,3463.7116999018403,494.8159571288343,0.9829443152446712,-15.71974703467929,14.562959087182954,0.0,3967.34044225035,495.91755528129374,0.9851326230913444,-18.23954007296143,12.043166048900815,0.0,503.40181987386165,6.650429057486573,0.0132109753976514,8.0,0.05,0.0,0.0,5.154338396096136e-07,2,01-09_gambiae
gambiae_female,sf2_data_final/2024-01-09_330025_gambiae_female/002/1_014.wav,7944.0,OK,0.0435374149659863,16.0,1411200.0,44100.0,2.0,2024.0,1.0,9.0,21.0,59.0,41.0,69.4,32.0,0.0,27.6,1010.1,512.7906976744187,531.3253012048193,516.796875,516.796875,508.1207283047245,0.068972312499147,3.4210635268565546,0.0348299319727891,484.8737140615371,1069.5387632939332,1547.5958038935462,2111.120736642093,918.4516316420726,2623.9213327434613,797.8654800782497,-0.0021956683472867,1.03881953256152,11.205440343209144,10.935417801548182,4.666587751697224,12.984014929111469,3.7394929486986586,3.792642577886382,3.192770948624531,4.207176249587049,11.12877126600882,14.869887657718024,6.079641273310409,3.2287636615848814,1.2794341869391757,1.2087176719967363,0.6348044722631075,1.9413722589457896,0.673342833690189,0.8687498160226238,0.8267070836828786,0.615134707998847,1.573389508963326,3.5728739044117384,3.812884375321004,1.820190102118273,0.8192789394385578,OK,495.16140464294426,495.16140464294426,0.946689956096691,6.411953642459324,39.38282651422018,0.0,1059.212411854239,529.6062059271195,1.012544336324465,0.0,32.97087287176086,0.0,1542.303732338416,514.1012441128054,0.9829006858265869,-2.257703828405674,30.713169043355187,0.0,2113.325534629823,528.3313836574557,1.0101070271416757,-5.4232868571069055,27.547586014653955,0.0,2636.2262649558,527.24525299116,1.0080304739548775,-8.438470373612468,24.5324024981484,0.0,3176.611740163936,529.4352900273226,1.012217565368252,-7.682857259541279,25.28801561221958,0.0,3717.309900200964,531.0442714572806,1.0152937472859151,-10.846690286272924,22.124182585487937,0.0,4235.476640508089,529.4345800635111,1.0122162080015364,-16.04079208617065,16.93008078559021,0.0,523.0449541099499,11.682112094133036,0.0223348146317789,8.0,0.05,0.0,0.0,9.775287859762708e-06,518.8235294117648,525.0,516.796875,516.796875,507.4587074649602,0.0539358279887769,1.871146347408385,0.0348299319727891,32.779506493537866,484.6076701177358,1069.5665642743102,1547.6308998580644,2111.26573799368,918.1938355565304,740.6757119068614,-0.0021956683472867,5.11612758426113,9.058178292316262,7.865767276232679,3.406611025600133,9.119118596503023,2.6263724167711704,2.561016870110797,2.2246538882313005,3.05223126319516,7.929139590161148,10.400917091461295,4.143685706699707,2.258149211984396,0.9584732450626696,0.8562543748702909,0.4029762262257115,1.360283985410984,0.4396419562007092,0.6342812589577561,0.6026948629465284,0.4112077312194909,1.025141223420618,2.453669916701983,2.592877454463858,1.218921721248778,0.5538265472000653,OK,496.766144848629,496.766144848629,0.949979925194508,4.099281472264579,37.37746182069921,0.0,1060.4446503381353,530.2223251690676,1.0139591234705678,0.0,33.27818034843463,0.0,1541.6339487557293,513.8779829185764,0.982703376295594,-2.222029146118309,31.05615120231632,0.0,2111.497511350526,527.8743778376315,1.0094690774933848,-7.127472689268668,26.150707659165963,0.0,2633.1683079887207,526.6336615977441,1.0070964207957045,-11.343231127460356,21.934949220974275,0.0,3174.4265227778874,529.0710871296479,1.0117575784620965,-10.800725337067096,22.47745501136753,0.0,3713.21282046816,530.458974352594,1.0144116743861142,-11.007030277046876,22.271150071387755,0.0,4227.821584950256,528.477698118782,1.0106228239020298,-16.04980615652196,17.22837419191267,0.0,522.9227814965841,11.084918024766464,0.021198001726071,8.0,0.05,0.0,0.0,5.543510875819872e-06,518.8235294117648,525.0,129.19921875,129.19921875,135.6843876001107,0.0242470273210539,1.9237435871035,0.0348299319727891,33.05484032728302,484.2739730804506,1069.4525117846338,1547.814248739852,2111.361737523608,3150.377032197832,1132.0827670253416,-0.0021956683472867,2.7294628707448103,4.224950250465021,3.421757782048763,1.5062739540074768,3.599122492677691,0.9295866049177224,0.7295853723722288,0.7460690493711328,1.3121211016476282,3.369478516786464,3.9330727926981255,1.5490128787704809,0.8036027703918923,0.3453402725599755,0.2853081362275502,0.1553031554414013,0.436717964110318,0.1684432085677665,0.2383645745896053,0.2114889723571947,0.1324556276566143,0.3237875245979945,0.7231187961261344,0.7305493877754703,0.3512437561804312,0.1745950013864659,OK,500.3542606364171,500.3542606364171,0.9562924378102732,6.809410870648591,37.668435428476165,0.0,1057.0143560842268,528.5071780421134,1.010099158638674,0.0,30.85902455782757,0.0,1541.626895925742,513.8756319752473,0.9821348981976422,-2.5359952152938376,28.323029342533736,0.0,2115.1120536610306,528.7780134152576,1.0106167875260543,-5.017983588619465,25.84104096920811,0.0,2639.3119291261087,527.8623858252217,1.0088668119405804,-7.3283120107345,23.530712547093074,0.0,3167.039802995062,527.8399671658436,1.0088239647098964,-7.367092387952518,23.491932169875057,0.0,3716.619656247627,530.9456651782324,1.014759670183039,-9.696386137138298,21.16263842068928,0.0,4220.9713614349685,527.6214201793711,1.00840627099384,-14.094526304838515,16.764498252989057,0.0,523.2230653022131,9.943334355455882,0.0190040061588504,8.0,0.05,0.0,0.0,1.085913997182312e-06,1,01-09_gambiae
gambiae_female,sf2_data_final/2024-01-09_330025_gambiae_female/002/3_051.wav,7432.0,OK,0.0406349206349206,16.0,1411200.0,44100.0,2.0,2024.0,1.0,10.0,5.0,0.0,19.0,62.2,31.0,0.0,32.1,1009.6,648.5294117647059,639.1304347826087,645.99609375,645.99609375,645.7154903529101,0.0853700762280582,3.153571640951753,0.0348299319727891,646.1753803296879,1293.936265259653,1944.2197468086413,49.32602067352255,2584.906657910847,3263.654416554896,1204.888928661225,-0.0003180616229502,0.9184159374650224,0.4608218926969175,6.843337716348392,9.832108051383466,0.2951804964616792,7.566246327363714,7.418611619999503,0.4478220175198109,4.431781373397175,1.2804883708295345,0.2353544383257022,2.209744877542236,7.7233726320661855,16.451396099126782,7.492896072389533,1.6979445649103853,0.297042999226889,0.5622197249034863,0.7620611771719312,0.28339853606861,1.1597093380077164,1.87656779932708,0.2145702609535519,0.5067300910031017,0.221718746333434,0.2725615581652899,OK,646.9485046612175,646.9485046612175,0.9968542948088454,6.14101572262868,45.97170410472407,0.0,1300.4232317855624,650.2116158927812,1.0018822783688763,0.0,39.83068838209539,0.0,1955.4175078459896,651.8058359486632,1.0043387414383886,-1.7683931613548225,38.062295220740566,0.0,2585.6629707603656,646.4157426900914,0.9960333854857673,-9.31739668221487,30.51329169988052,0.0,3251.778014986889,650.3556029973778,1.0021041417205652,-12.281075369328844,27.549613012766542,0.0,3883.582824822748,647.2638041371247,0.9973401258053536,-14.62845797837949,25.20223040371589,0.0,4549.504019044162,649.9291455777375,1.0014470323722031,-24.56261298101137,15.268075401084024,0.0,5191.920287891421,648.9900359864276,1.0,-22.83505267947677,16.995635702618614,1.0,648.9900359864276,1.9251122232869595,0.0029663201536844,7.0,0.05,0.0,0.0,1.4324973432979148e-05,1191.891891891892,639.1304347826087,86.1328125,645.99609375,86.1328125,0.0629910278065418,0.8416895326045729,0.0348299319727891,31.29981337199715,646.0906569332374,1293.9212065451295,1944.0210710756387,2585.5268576015324,3262.839261128921,1209.5147300504643,-0.0003180616229502,22.12388064772372,2.3921401882881463,4.81594284204088,6.919439602758205,0.3263121109540077,5.174627162327337,5.008182829821275,0.3278604438623617,2.999024421882751,0.891822898768305,0.2152200318749166,1.4937305347310104,5.265516657571832,11.280714702968757,5.051295472066096,1.136592710138809,0.198369866681677,0.4467085221997709,0.5513134002855358,0.1915565532685853,0.8128846952629245,1.299181584180528,0.1727165570223912,0.3736960792743272,0.1439558996363309,0.1649314926658656,OK,649.8590237013356,649.8590237013356,1.0007280833748768,2.295100720079823,45.726193291634246,0.0,1300.5797743822372,650.2898871911186,1.001391576807454,0.0,43.43109257155442,0.0,1955.898778901422,651.9662596338073,1.0039730489735854,-1.1203552055523218,42.3107373660021,0.0,2587.24436235731,646.8110905893275,0.9960345234638944,-7.877642435286212,35.55345013626821,0.0,3248.5761147827293,649.7152229565459,1.000506642356944,-10.806760423796824,32.6243321477576,0.0,3884.780217828504,647.4633696380839,0.9970389781817344,-12.80660140021646,30.62449117133796,0.0,4547.190627300435,649.5986610429193,1.0003271468415111,-20.879497828864416,22.551594742690007,0.0,5195.089731146443,649.3862163933054,1.0,-18.7636639230064,24.667428648548025,1.0,649.3862163933054,1.6115113306808986,0.0024815915244263,7.0,0.05,0.0,0.0,7.686519113901471e-06,1191.891891891892,639.1304347826087,86.1328125,645.99609375,86.1328125,0.0258540844997263,0.7135769949493563,0.0348299319727891,31.44314091121061,645.3964940610376,1294.240719827316,1944.9050744778256,2586.559642637323,3264.302968579767,1210.177781140084,-0.0003180616229502,11.32735537796741,1.2788370085250158,1.7537560665239391,2.472608135103889,0.1261873875127424,1.8051968479434388,1.6938022079275152,0.1107646158213279,0.7966171120852638,0.311843270794135,0.0621638658920071,0.5466918532117849,1.8245766458231567,3.6871483714601454,1.6953668243404594,0.3891937353812856,0.0851177981881051,0.2203316813713557,0.2564263820005021,0.0856429049019041,0.2973099320881618,0.5025421389737288,0.0582097070541701,0.2108892557889292,0.0839936796724431,0.0892839421348134,OK,648.3471224365704,648.3471224365704,0.998199151776057,7.288255703835389,40.40525582588585,0.0,1300.8843888976835,650.4421944488417,1.0014247373199543,0.0,33.11700012205046,0.0,1956.561050261916,652.187016753972,1.004111076295958,0.0689981229751168,33.18599824502558,0.0,2588.1637860779874,647.0409465194969,0.9961881554326272,-5.192562631258237,27.924437490792226,0.0,3254.2082043920623,650.8416408784125,1.0020397274593094,-6.086398775512521,27.030601346537946,0.0,3882.732542019762,647.122090336627,0.9963130849443474,-5.308392609407495,27.80860751264297,0.0,4554.456297703192,650.6366139575988,1.0017240667717469,-13.50736606246146,19.609634059589,0.0,5196.134428950308,649.5168036187885,1.0,-9.00089081642912,24.116109305621343,1.0,649.5168036187885,1.860423511037817,0.0028643192919297,7.0,0.05,0.0,0.0,1.2484806575230325e-06,3,01-09_gambiae
gambiae_female,sf2_data_final/2024-01-09_330025_gambiae_female/002/3_023.wav,6408.0,OK,0.0348299319727891,16.0,1411200.0,44100.0,2.0,2024.0,1.0,9.0,23.0,9.0,36.0,68.5,32.0,0.0,26.4,1010.2,639.1304347826087,648.5294117647059,645.99609375,645.99609375,636.8778384211492,0.0634432011924494,3.861231542924912,0.023219954648526,642.0693614953814,1285.0837134737762,1938.6884840648404,87.22290816009482,295.7387123438098,3192.214727834813,1172.9778992948557,-0.0020117851774687,1.5157790480029054,2.5043628502341138,6.542499051708826,6.678639946071581,2.7168550466871544,7.974378955064621,5.64964473307174,1.636079343275786,2.7847032758787806,1.4602644724046532,1.8544035887358885,4.090038706059201,7.736213155081293,9.183473466820304,5.610309886468015,2.9537307636572434,1.0528804058602226,0.6721257655512006,0.4575101134125648,0.3818242707780498,0.7958254973207239,0.7445260631574763,0.3916548379852782,0.483084023173933,0.4470633186180884,0.6622249383493674,OK,633.2168985896149,633.2168985896149,0.9887470198776172,1.264307976904746,35.14343530808583,0.0,1272.660122540089,636.3300612700446,0.993608119335836,0.0,33.87912733118108,0.0,1940.443065578124,646.8143551927079,1.0099789938255153,-10.47961747011659,23.39950986106449,0.0,2537.14346358698,634.285865896745,0.9904161765941004,-20.70064511876048,13.178482212420606,0.0,3208.424106051609,641.6848212103218,1.0019693979828557,-14.80506649264708,19.074060838534,0.0,3870.127695559703,645.0212825932839,1.007179170900616,-10.133877338241785,23.745249992939296,0.0,4519.282050353348,645.6117214790496,1.008101121483459,-3.682128622301256,30.196998708879825,0.0,5123.388578550592,640.423572318824,1.0,-11.421810556481944,22.457316774699137,1.0,640.423572318824,5.303005954219856,0.0082804665278308,7.0,0.05,0.0,0.0,7.399356036330573e-06,648.5294117647059,639.1304347826087,86.1328125,645.99609375,86.1328125,0.0482227485352819,2.49561847711646,0.023219954648526,641.8914467929254,1285.0957486101934,1938.761146720964,295.03862848316726,3223.3439239208383,3872.899499228798,1426.7804776888606,-0.0020117851774687,8.628778381152342,3.276510349636307,4.781578575450848,4.690978279874718,1.973573341430878,5.488638983131917,3.878357773400992,1.1244419254685951,1.8792514745336448,1.052970807049486,1.2963832020667467,2.7899485091103773,5.257317516792795,6.23612192994316,3.797297946375117,2.011125321894431,0.7045945445040465,0.4789430773639608,0.350462891811076,0.2518304760123951,0.5767853534208178,0.4963639060209608,0.274373858463244,0.385436610898613,0.304185225956147,0.4719709278525063,OK,636.791325132196,636.791325132196,0.9927508246365112,3.2979343761488984,34.35755112689412,0.0,1272.1536768665237,636.0768384332617,0.9916369475600424,0.0,31.059616750745217,0.0,1947.52394735108,649.1746491170264,1.0120562934965485,-4.490963092245064,26.56865365850016,0.0,2543.8401466795085,635.9600366698771,0.9914548548675972,-9.7418793556781,21.31773739506712,0.0,3209.0486190690203,641.8097238138041,1.0005744541881338,-2.2584083294602344,28.801208421284983,0.0,3867.88693753982,644.6478229233034,1.0049990201647048,-1.8290763243938424,29.23054042635137,0.0,4519.398242372406,645.628320338915,1.0065276050864616,-3.0195801428454097,28.040036607899808,0.0,5131.529961632439,641.4412452040549,1.0,-8.483870683223206,22.57574606752201,1.0,641.4412452040549,4.901855553824227,0.0076419400692963,7.0,0.05,0.0,0.0,4.111363523406908e-06,658.2089552238806,639.1304347826087,86.1328125,645.99609375,86.1328125,0.0217142866821429,2.8164772528591944,0.023219954648526,607.9720357760759,1285.398609258038,293.4307519912176,1938.0979873441663,3872.104765566852,3224.254022526919,1432.9765164991902,-0.0020117851774687,4.762047832008594,1.8448762919704025,1.927493429557996,1.734077353082109,0.813763545143162,2.0117061895989954,1.2863281410608898,0.3491156420216874,0.5213841134931692,0.3741555110079656,0.5156774512083568,1.0829331570357588,1.822824883266798,2.0695292272776773,1.2365770013816988,0.647034099237723,0.2385765815794079,0.1678616834813563,0.1135226865559414,0.1073153533706439,0.257136420878721,0.2068270469911352,0.1101048888908402,0.188557968429568,0.1711147393713251,0.1497120469094924,OK,630.4143004126414,630.4143004126414,0.9848225832225038,4.653520868490325,33.64288313278917,0.0,1274.0277448762,637.0138724381,0.9951323232871262,0.0,28.989362264298848,0.0,1938.8309011472345,646.2769670490782,1.0096029733936462,-7.044474187169939,21.94488807712891,0.0,2535.492168167313,633.8730420418283,0.9902257710368118,-14.44624639630308,14.543115867995766,0.0,3214.215326577715,642.8430653155431,1.004238590045206,-7.038496459749489,21.95086580454936,0.0,3866.332450986669,644.3887418311115,1.0066532198178682,-4.168417778223542,24.820944486075305,0.0,4522.691131122531,646.0987330175045,1.009324539196837,-4.179045674726101,24.810316589572743,0.0,5121.038539549494,640.1298174436868,1.0,-8.165072373220479,20.82428989107837,1.0,640.1298174436868,5.881729279703334,0.0091883382392521,7.0,0.05,0.0,0.0,8.001369072493011e-07,3,01-09_gambiae
gambiae_female,sf2_data_final/2024-01-09_330025_gambiae_female/002/3_031.wav,7432.0,OK,0.0406349206349206,16.0,1411200.0,44100.0,2.0,2024.0,1.0,10.0,0.0,6.0,41.0,68.3,32.0,0.0,32.5,1009.6,689.0625,668.1818181818181,689.0625,689.0625,688.8264539515034,0.0797938413044,4.069552423581335,0.0348299319727891,691.7039435327744,1381.0850761657694,1298.9783770717256,2066.9350922984645,85.54636665240125,1942.1725709265684,752.7983557860603,-0.0019782483314594,1.4338391701770594,1.4509474787111405,13.064804528620352,8.132028735194062,4.4930135583317306,3.032911305269708,15.25026105695292,4.221686407878268,2.920272275435405,3.326416674218984,1.899397001659597,1.5652630036792854,3.065685364426645,10.694059474857266,16.18986431902626,10.572234480834416,4.070207411503816,1.0765932210299232,0.6735246602959994,0.5505014538542362,0.5750846178539565,0.7485969391259042,1.1430630759930318,0.5938869998126748,0.3975671931896173,0.4252864548522608,OK,695.6776035123124,695.6776035123124,1.0396294294658528,9.049376160152235,48.24685851119303,0.0,1382.5784061874049,691.2892030937024,1.0330713482505989,0.0,39.1974823510408,0.0,2060.778616615948,686.9262055386492,1.0265512293966637,-9.33623966441911,29.861242686621686,0.0,2646.268156642232,661.567039160558,0.9886541696950456,-20.412930224678554,18.784552126362243,0.0,3350.4316156941063,670.0863231388213,1.0013854956671095,-27.43498360820005,11.762498742840748,0.0,3970.3288296757664,661.7214716126277,0.9888849555090862,-27.16909620302269,12.028386148018107,0.0,4626.648827574182,660.9498325105975,0.987731808253307,-30.0113804038232,9.186101947217598,0.0,5000.447752796858,625.0559690996073,0.9340915637623364,-32.308523395751244,6.888958955289553,0.0,669.1592059583595,21.31589256018688,0.0318547400534654,8.0,0.05,0.0,0.0,1.5019364322402648e-05,700.0,658.2089552238806,86.1328125,689.0625,86.1328125,0.0580264344999668,1.6370376810038143,0.0348299319727891,54.893495270847744,691.4750147381922,1380.8070037301477,1299.240799260304,2066.6639081214093,1942.600547759408,762.3268077424206,-0.0019782483314594,12.65989308243988,3.185373918901676,9.26338795499013,5.672439573660066,3.057426298904568,2.1305418554596707,10.324165707033966,2.8598823173233554,1.9945081323287663,2.240229508984012,1.3205931773700308,1.1223533708729634,2.157277409134264,7.329871995572222,10.996400905514571,7.110266605667387,2.7739746885197496,0.770586221615105,0.4899256879982883,0.3744147708960855,0.3828396420223496,0.5620543521617516,0.8154605082727692,0.4057021738062897,0.2876431418231434,0.3460542830180495,OK,696.5032878586571,696.5032878586571,1.0376214456640926,8.926196067201502,47.00848993823571,0.0,1381.1537040437845,690.5768520218923,1.0287924896092184,0.0,38.08229387103421,0.0,2059.7014869917307,686.5671623305769,1.0228190217352071,-9.939263556527298,28.14303031450692,0.0,2636.2646655611697,659.0661663902924,0.9818491890550328,-21.42169825571183,16.66059561532238,0.0,3493.093474484056,698.6186948968111,1.0407728905278286,-28.13240260286241,9.949891268171804,0.0,3974.9903843572574,662.4983973928764,0.9869623831444728,-24.84007284128145,13.242221029752752,0.0,4610.316410953903,658.6166301362719,0.9811794887594188,-25.036592313550948,13.045701557483262,0.0,4940.415838557082,617.5519798196352,0.9200030915047286,-28.782568939457143,9.299724931577064,0.0,671.2498963558767,25.64915309007549,0.038211034711992,8.0,0.05,0.0,0.0,7.513876750765901e-06,735.0,639.1304347826087,86.1328125,689.0625,86.1328125,0.0227014399700166,1.567813969549663,0.0348299319727891,55.45289301365359,691.1435602986944,1382.1518206371843,1298.861129419891,2067.953500669497,1942.3428449069384,762.4773770834079,-0.0019782483314594,6.931723051068526,1.905091923340713,3.3644432627491883,1.9155513791506,1.008495716273175,0.7123109612868512,3.216563372726649,0.872944983585087,0.547562818553374,0.7061383895355954,0.5210948772856614,0.418885268086017,0.7075076787775394,2.3127852939413,3.4692934540618494,2.249755222914661,0.8610076164418747,0.2428792306518443,0.1813872726654755,0.1670130342146252,0.1688185015105182,0.2267088561265695,0.3170138970660285,0.1802611559843765,0.1249076516037915,0.1407837640342299,OK,695.186592852837,695.186592852837,1.0295060577862407,11.145020922664742,41.92712723683949,0.0,1383.3112683051684,691.6556341525842,1.0242770395498768,0.0,30.782106314174747,0.0,2065.2368883167687,688.4122961055896,1.019473960490013,-7.037174759596347,23.7449315545784,0.0,2642.2891948398096,660.5722987099524,0.9782455388515234,-16.849245647368747,13.932860666806,0.0,3334.940540305868,666.9881080611735,0.9877467499804354,-21.243834961627524,9.538271352547223,0.0,3986.6017889641503,664.433631494025,0.9839638100799976,-19.500483108349272,11.281623205825476,0.0,4617.111076350792,659.5872966215418,0.9767868432619128,-22.61687207271745,8.165234241457295,0.0,5402.098123425947,675.2622654282434,1.0,-22.229426103218984,8.552680210955764,1.0,675.2622654282434,14.569368211430344,0.0215758660854395,7.0,0.05,0.0,0.0,1.031630355490571e-06,3,01-09_gambiae
gambiae_female,sf2_data_final/2024-01-09_330025_gambiae_female/002/1_046.wav,6920.0,OK,0.0377324263038548,16.0,1411200.0,44100.0,2.0,2024.0,1.0,10.0,2.0,51.0,49.0,67.6,32.0,0.0,39.1,1008.8,580.2631578947369,580.2631578947369,559.86328125,559.86328125,574.7207698188961,0.0626942329555868,2.90859606438454,0.0348299319727891,562.457442136571,1123.5311398383608,1770.2264882278591,2374.5634123311306,87.30986868088861,1333.6837784374895,821.2879412860307,-0.0018455630948522,1.6327405109445268,6.468273396855663,8.55600833550303,4.433453261131863,7.154870503336364,7.971305624695883,4.504792472461492,3.871792569375984,2.79810218502788,3.1575348626256967,6.333493492366477,10.957882316435034,10.109558243741017,4.221483179239993,3.708042276753727,1.966216466653245,1.7564362086624548,1.5006340110517955,1.40464105267486,2.040910122326687,0.6808371737066391,1.0587626907942875,1.3577121053165766,1.9750271233949084,2.6754679137349138,3.081602797477472,OK,572.1342353764999,572.1342353764999,0.9723986001994316,4.612580076988241,34.225251540426,0.0,1143.5173777003506,571.7586888501753,0.9717603218131234,0.0,29.61267146343776,0.0,1777.6040211151517,592.5346737050505,1.0070711585739245,-0.4149227861647837,29.197748677272976,0.0,2386.0373249978693,596.5093312494673,1.0138264813521871,-5.593971611866511,24.01869985157125,0.0,3032.867838848323,606.5735677696646,1.0309316446149237,-13.68157146665466,15.9310999967831,0.0,3524.7301246667985,587.4550207777997,0.9984377870842648,-17.615569965310723,11.997101498127035,0.0,4124.297342759667,589.1853346799525,1.0013786263354796,-16.51991168150894,13.09275978192882,0.0,4726.741118733304,590.842639841663,1.0041953800266654,-17.06420650762357,12.54846495581419,0.0,588.3741865312841,10.966509107371357,0.0186386645750446,8.0,0.05,0.0,0.0,9.502209230469396e-06,588.0,588.0,559.86328125,559.86328125,575.1349630778938,0.0472714759335544,1.7207495136345148,0.0348299319727891,562.3546174775429,1123.422577167401,1769.964811600856,2374.158987873749,1334.3886678888075,3051.850241606198,899.6878639290028,-0.0018455630948522,7.365534906260137,6.047394211153831,6.172731730906307,3.297058314547756,4.999786469973355,5.5156522354634046,3.0106517431729034,2.6069090123971552,1.92492854323955,2.2343171049289463,4.3815349154961565,7.511293506103771,6.978835651800659,2.891234021480947,2.470701875251433,1.386870195244291,1.2637088792676494,1.0702719923553805,0.9855059954197292,1.3957698541676395,0.470952784747308,0.7273496247105679,0.969820819401854,1.377686991167249,1.8048070338209867,2.16809503997751,OK,572.4796216936555,572.4796216936555,0.9731328271626084,5.509621232282864,34.58522753370063,0.0,1142.8057817884508,571.4028908942254,0.9713025400270724,0.0,29.075606301417768,0.0,1776.1524049419206,592.0508016473069,1.0064010116664692,-1.5893463055555266,27.48625999586224,0.0,2383.935502099139,595.9838755247847,1.0130866702590078,-7.0463843552868966,22.02922194613087,0.0,3038.1671443867417,607.6334288773484,1.0328892315372995,-14.04443942005988,15.031166881357889,0.0,3520.607538323796,586.767923053966,0.9974208796472972,-16.749629386519494,12.325976914898272,0.0,4128.0060224402105,589.7151460628872,1.0024307338853664,-16.754044049931533,12.321562251486236,0.0,4721.982103620951,590.2477629526189,1.0033361058148786,-14.448339660156408,14.62726664126136,0.0,588.2851813383492,11.128962867486932,0.0189176325029444,8.0,0.05,0.0,0.0,5.14532551348496e-06,595.9459459459459,588.0,86.1328125,559.86328125,86.1328125,0.0213582235095022,1.6839095066667384,0.0348299319727891,561.3451490517275,1770.250548424979,1155.1392768494231,2375.0340698736613,3052.916289007399,1333.491874113976,896.4751042963293,-0.0018455630948522,4.3471360740310185,2.9575487795660607,2.6387556462123305,1.3453788931923252,1.9494207269244848,2.0359603497434646,0.996849954024376,0.8150178522965092,0.7226530421411725,0.8828551001780323,1.6840562057354589,2.70198706382149,2.5105493324890125,0.9555292069364816,0.8272054515745443,0.441651722001232,0.4611537249389076,0.4232269156368704,0.3651152933518967,0.4834546206496415,0.1967834696742448,0.2936048487037773,0.3715796676213421,0.3865528506250577,0.517229250160358,0.6713401340705106,OK,574.8829275870273,574.8829275870273,0.9762825918806648,4.547482686778871,31.60728722007978,0.0,1142.9574765027116,571.4787382513558,0.970501500412474,0.0,27.05980453330091,0.0,1776.5488592510103,592.1829530836702,1.0056619888343294,0.5047834407890086,27.56458797408992,0.0,2388.142626856388,597.0356567140968,1.0139029886111484,-2.7882978769130915,24.271506656387817,0.0,3037.1116974489746,607.4223394897949,1.0315419496842542,-8.570581786213712,18.4892227470872,0.0,3522.935526715172,587.1559211191953,0.9971249397061808,-11.425625551738168,15.63417898156274,0.0,4130.391905908201,590.0559865583144,1.0020499135880987,-10.830060179857949,16.22974435344296,0.0,4724.6132385388855,590.5766548173607,1.002934127282851,-13.501790829446357,13.558013703854552,0.0,588.8488972026018,10.765632974392132,0.018282505113851,8.0,0.05,0.0,0.0,9.699011011084972e-07,1,01-09_gambiae
gambiae_female,sf2_data_final/2024-01-09_330025_gambiae_female/002/4_007.wav,8456.0,OK,0.0464399092970521,16.0,1411200.0,44100.0,2.0,2024.0,1.0,9.0,21.0,10.0,4.0,69.6,32.0,0.0,32.3,1009.6,630.0,612.5,645.99609375,645.99609375,635.3479591331106,0.0780573787139517,2.830674515062825,0.0348299319727891,641.7199854607896,1249.9609383735883,1887.71824954854,2460.796752722404,90.61950290902462,3060.7398507189428,1119.7615491219042,-0.0023215509731461,0.7711032820822177,1.3107497529686092,6.010486330352314,9.300458850253683,1.2155229675227717,9.24300122076332,5.375693746857818,0.8796901945110362,2.5942486506310027,1.5350906708282304,0.9554529059066148,2.8755642024352017,9.749781753706872,12.01632688110069,5.31536269354917,1.6699977315601209,0.5430470393004599,0.6725556261051231,0.4310912269213185,0.6093912231002719,1.0668393131015097,0.5179011050004892,0.3056613315180527,0.2643623451142756,0.349355515900151,0.6225967407658344,OK,637.8020452729365,637.8020452729365,1.0232750491883105,5.907729847253584,46.23878058924727,0.0,1252.195305128177,626.0976525640885,1.004496788576524,0.0,40.331050741993685,0.0,1879.1431374235665,626.3810458078555,1.004951458230854,-9.533217497112595,30.79783324488109,0.0,2468.149472544567,617.0373681361417,0.9899606749619932,-15.98695813148803,24.34409261050565,0.0,3065.9056002642023,613.1811200528405,0.983773798522245,-23.53366707339,16.797383668603686,0.0,3705.679906866059,617.6133178110098,0.9908847154793428,-26.793677202739573,13.537373539254112,0.0,4363.063792527736,623.2948275039623,1.0,-40.331050741993685,0.0,1.0,4999.6099430629065,624.9512428828633,1.00265751504073,-24.45990820352257,15.871142538471116,0.0,623.2948275039623,7.599869167847326,0.0121930566924189,7.0,0.05,0.0,0.0,1.0646348073350964e-05,639.1304347826087,612.5,645.99609375,645.99609375,635.4562186393607,0.056606592924647,2.2962208314465102,0.0348299319727891,641.7744895797566,1250.014174993196,1888.0576646041216,2460.869153192944,3059.1099905838564,303.07176465097126,1065.4372376495662,-0.0023215509731461,5.862441458905709,2.047905212883249,4.2571010471791215,6.3669231020818025,0.8399274531870607,6.269280328109481,3.6333594444799377,0.5765514694620623,1.725230395857952,1.0554431922884988,0.6571155912059875,1.927455820927064,6.604906517476352,8.164884793288193,3.613641964851543,1.1066411171506112,0.3696835381889018,0.5153219192624849,0.2915020475794535,0.4249933050485323,0.7436135088843818,0.3605450763840665,0.2012267924257783,0.2014339557592359,0.2324156894786428,0.4116586679462848,OK,642.0875892557623,642.0875892557623,1.0373661105004173,3.613353529561273,45.98125763029712,0.0,1251.4937861117455,625.7468930558728,1.0109658424631602,0.0,42.36790410073585,0.0,1880.2179302626985,626.7393100875662,1.0125692059503062,-9.984620212566234,32.383283888169615,0.0,2468.4619653173013,617.1154913293253,0.9970208234547512,-14.672478539237048,27.6954255614988,0.0,3062.093297555271,612.4186595110542,0.9894325531992212,-21.402822465773383,20.965081634962463,0.0,3703.281442822821,617.2135738038036,0.9971792869366194,-23.84025410444696,18.527649996288893,0.0,4243.443898786206,606.2062712551723,0.9793957277726584,-30.802101019878062,11.565803080857783,0.0,4833.184471037076,604.1480588796345,0.9760704497228672,-32.31298641680946,10.05491768392639,0.0,618.9594808972738,11.579926134020504,0.0187086982127387,8.0,0.05,0.0,0.0,5.460001375467982e-06,648.5294117647059,612.5,86.1328125,645.99609375,86.1328125,0.0219269919855238,2.1932989519673884,0.0348299319727891,640.9933870672587,1249.9185752454543,1887.9210462429328,2459.142388054231,2583.1681408837107,3096.354884087695,913.6563069489456,-0.0023215509731461,3.1167078719178827,1.1894309986635552,1.609572875119016,2.2909217793478787,0.3511671872567055,2.1355328608994344,1.2468312151437724,0.2005796200465636,0.5028564577600118,0.3786693557304058,0.2775753949893008,0.7271318976754267,2.2454064308933748,2.725744589175283,1.2176586190757317,0.3719112610242135,0.1570116898747446,0.2133674353662416,0.1492931938334315,0.1689469394211317,0.2635194816093749,0.1487407993612876,0.1134331526923671,0.0932670700334243,0.0748426271998943,0.1469900762366567,OK,641.2442875084834,641.2442875084834,1.020441631439685,4.540981798154505,39.127231258989646,0.0,1250.9128045917832,625.4564022958916,0.995317641008649,0.0,34.58624946083514,0.0,1878.6141912537591,626.2047304179197,0.9965084900884302,-8.714665359597227,25.871584101237914,0.0,2464.3473328057275,616.0868332014319,0.9804074132547512,-11.72222519258804,22.8640242682471,0.0,3084.117645638129,616.8235291276258,0.981579751484416,-17.860992983389565,16.725256477445576,0.0,3702.445577156912,617.0742628594852,0.9819787556445772,-18.964073662577363,15.622175798257778,0.0,4601.918021961243,657.4168602801775,1.0461777929388332,-23.7218943313404,10.86435512949474,0.0,5015.067380084844,626.8834225106056,0.9975885241406578,-23.66940135190888,10.91684810892626,0.0,628.3987910252026,13.400741350454584,0.0213252182242297,8.0,0.05,0.0,0.0,8.246059906014125e-07,4,01-09_gambiae
gambiae_female,sf2_data_final/2024-01-09_330025_gambiae_female/002/4_039.wav,11016.0,OK,0.0609523809523809,16.0,1411200.0,44100.0,2.0,2024.0,1.0,10.0,1.0,0.0,22.0,68.2,32.0,0.0,35.2,1009.2,630.0,621.1267605633802,645.99609375,645.99609375,631.7697852503535,0.0831302311930554,3.076034445081828,0.0580498866213151,612.7686209991006,1256.0995897009068,1895.6907533608985,80.7439582044403,2540.904138618649,168.11214826082173,987.728714587892,-0.0019626573142682,1.1973174718588984,1.1807583743455672,3.587258445720112,7.788528530055592,1.2088839257864696,10.346219179653769,3.141001993621713,0.9936932865209878,4.539972480427227,1.5072651463954636,0.801198090066746,3.378265366098881,10.567417290595762,12.503982582832167,3.026546184703667,0.8686181120243592,0.7064049005746087,0.4941180791055911,0.5878861336431619,0.4314783588829351,1.3449173420760752,0.3716385649594076,0.3670778259049436,0.3278323241367886,0.3623965259802676,0.5201286748855433,OK,624.4258399230531,624.4258399230531,0.9890594923551044,-3.105487819677208,40.35154698349726,0.0,1261.8273487436215,630.9136743718108,0.99933589963377,0.0,43.45703480317447,0.0,1898.2551365085087,632.7517121695029,1.002247260142712,-10.157275261991138,33.29975954118333,0.0,2540.816108307211,635.2040270768027,1.0061316050596485,-15.08888920255177,28.368145600622697,0.0,3153.256363711301,630.6512727422603,0.998920268495654,-20.6070516748377,22.849983128336767,0.0,3786.302766113217,631.0504610188694,0.9995525628835122,-24.468343487596897,18.98869131557757,0.0,4440.3352865907655,634.3336123701093,1.004752911429598,-31.72190880740069,11.735125995773773,0.0,5050.663542482754,631.3329428103442,1.0,-31.31695559689901,12.140079206275452,1.0,631.3329428103442,3.26081812834104,0.0051649738311225,7.0,0.05,0.0,0.0,1.5524980318289072e-05,639.1304347826087,621.1267605633802,645.99609375,645.99609375,631.8626768453347,0.0598678915362551,1.49490055553608,0.0580498866213151,612.7973827399392,1256.194044290167,1895.3911787216084,2541.584623510012,3148.673620622527,3787.4322302233086,1186.5138953501391,-0.0019626573142682,7.515887206950844,2.3911656774880035,2.7492109412509222,5.476286534981592,0.8533763236199895,7.041165174751507,2.1784053668354755,0.6804914825560566,3.043909171782398,1.0411543260562124,0.5605965831006956,2.288399092314201,7.1726212813062125,8.508882328109816,2.0681672050409614,0.5707369686821616,0.479001380828205,0.3419675204623315,0.4308702276175828,0.2966554129728146,0.9517257464388672,0.2624490710677657,0.2650342926062188,0.2234014232357671,0.2667251051791719,0.354288108608301,OK,627.1221259095136,627.1221259095136,0.9927733126951128,-5.4546227256156925,39.03156441725534,0.0,1261.485101684519,630.7425508422593,0.998504670440836,0.0,44.48618714287103,0.0,1897.1294325014128,632.376477500471,1.0010912779199157,-11.533358728533258,32.95282841433777,0.0,2542.6422133360857,635.6605533340214,1.0062901741312194,-16.28280233151648,28.20338481135456,0.0,3153.3282534923765,630.6656506984752,0.9983829327324424,-20.59098914407732,23.89519799879372,0.0,3781.479604085856,630.246600680976,0.9977195505029376,-24.50617832429165,19.980008818579385,0.0,4444.971720048594,634.995960006942,1.0052380815775357,-30.78390583937848,13.702281303492558,0.0,5053.497050254468,631.6871312818084,1.0,-29.14986424176983,15.336322901101202,1.0,631.6871312818084,2.727156703454746,0.0043172586054125,7.0,0.05,0.0,0.0,7.773760963963078e-06,648.5294117647059,621.1267605633802,86.1328125,645.99609375,86.1328125,0.0229679194911545,1.2536647794947622,0.0580498866213151,612.290718511183,1255.9379515399364,1896.1609157411167,2541.04301684233,3147.682703244556,3789.780123166428,1187.0888019633303,-0.0019626573142682,4.155533995319874,1.2992180298522364,1.182014602274103,2.052172488529189,0.356220879083695,2.45582177881429,0.7545693364458815,0.2345365833224788,0.839037139369291,0.3706409678342117,0.2141993235375985,0.8450680916250617,2.4571207876685817,2.773320648961377,0.7012026326213623,0.2078684311926678,0.2064279539594862,0.1610665450297458,0.1993262552934976,0.1293974310334673,0.3742676788153076,0.1118057209681391,0.1220576192152212,0.118649052745924,0.1172696450705415,0.1264367849584879,OK,626.3771362873389,626.3771362873389,0.9915892985916106,-3.9283696426349337,34.56270849013848,0.0,1260.7282328475058,630.3641164237529,0.99790090642008,0.0,38.49107813277341,0.0,1898.0203140420824,632.6734380140275,1.001556688924364,-10.204361042280556,28.286717090492854,0.0,2541.6712780742323,635.4178195185581,1.0059011950908487,-13.591885147607517,24.899192985165893,0.0,3152.624103653857,630.5248207307715,0.9981553101360612,-16.972077478466534,21.519000654306875,0.0,3789.140941431308,631.5234902385513,0.999736258640366,-20.19711725041045,18.29396088236296,0.0,4444.648810594323,634.9498300849033,1.0051603421966695,-23.93651247285129,14.55456565992212,0.0,5053.520744340461,631.6900930425576,1.0,-22.81340774500853,15.67767038776488,1.0,631.6900930425576,2.8500660927020576,0.0045118106554032,7.0,0.05,0.0,0.0,1.0788430483357626e-06,4,01-09_gambiae
gambiae_female,sf2_data_final/2024-01-09_330025_gambiae_female/002/2_019.wav,7944.0,OK,0.0435374149659863,16.0,1411200.0,44100.0,2.0,2024.0,1.0,9.0,22.0,29.0,36.0,69.2,32.0,0.0,29.3,1009.9,551.25,544.4444444444445,559.86328125,559.86328125,547.2794703149351,0.041750319758897,2.562477379148761,0.0348299319727891,551.1631655472302,1077.6477815979674,46.80400285047394,1671.042922418559,2194.4551800682534,2713.848286080048,1008.2548202858276,-0.0021574218780237,0.820168461687781,6.183660443509134,6.06613883912805,1.0522426465625834,6.830485889250962,3.042509068012978,1.2176821834443572,0.6896829938836342,0.9053510588770222,2.578094304728546,6.9325671321225215,8.336789536817124,2.983590737651385,0.5241915487275097,0.4881762440403679,0.5585111294287479,0.2572230026668689,0.7845210596380131,0.3498367734755875,0.33990345825524,0.3352267434842759,0.5672088755628207,1.1226416478454813,2.0290546446159965,1.546171239106013,0.5570862028210004,OK,551.7137943389264,551.7137943389264,1.0093791628615192,7.844501432928951,44.67580002200069,0.0,1081.7576469969456,540.8788234984728,0.98955621496936,0.0,36.83129858907174,0.0,1662.5982579335673,554.1994193111891,1.0139266983399398,-6.157185673009625,30.67411291606212,0.0,2200.2040819659774,550.0510204914943,1.0063370615195362,-8.045467472059812,28.78583111701193,0.0,2724.986556473691,544.9973112947382,0.9970911285544568,-15.463095488391993,21.36820310067975,0.0,3240.21456028414,540.0357600473566,0.98801380169411,-15.247507670846698,21.583790918225045,0.0,3782.493624049519,540.356232007074,0.988600116050828,-13.885049602208223,22.94624898686352,0.0,4403.7259682571885,550.4657460321486,1.007095816010249,-24.35005807199547,12.481240517076271,0.0,546.5872633776751,5.340045177787326,0.0097697943870629,8.0,0.05,0.0,0.0,3.3791021754344304e-06,595.9459459459459,544.4444444444445,86.1328125,559.86328125,86.1328125,0.0347985870200718,1.1321207493257812,0.0348299319727891,34.49977728401778,551.1480541797512,1078.0021818445562,1671.663080641697,2157.615664487198,3789.097966207988,1335.270207747602,-0.0021574218780237,10.486115754817687,5.533621089206801,4.384718913891727,0.8207385854910543,4.725900694969303,2.1115271863417844,0.8073207337290769,0.4934430679118103,0.6405133311835944,1.8076851643011536,4.819382343383362,5.807599032465856,2.0611742105804987,0.3200158622513613,0.3244718819730377,0.395719784620837,0.1943845405162949,0.5490432567024555,0.2829957128884663,0.248380949861548,0.2673339918372627,0.3402964455403782,0.7455302918376573,1.435542534419226,1.0688129899438592,0.3746235036384894,OK,554.119043344074,554.119043344074,1.0145120075862573,9.02387728970264,42.80957522982351,0.0,1082.2048586011306,541.1024293005653,0.9906804656028576,0.0,33.78569794012087,0.0,1663.5156895240334,554.5052298413444,1.015219059335073,-4.782838347064697,29.00285959305617,0.0,2192.069313419717,548.0173283549293,1.003340647934009,-6.344914652999286,27.440783287121583,0.0,2716.9003198914743,543.3800639782949,0.9948504860293468,-12.817830021781685,20.967867918339184,0.0,3235.617733597736,539.2696222662893,0.98732486040178,-12.729742737957793,21.05595520216308,0.0,3788.174494976565,541.1677849966521,0.9908001224514008,-11.702432312469902,22.083265627650967,0.0,4383.840199061305,547.9800248826631,1.003272350659275,-20.7605255685582,13.025172371562672,0.0,546.1926908706016,5.539059298772096,0.0101412182758123,8.0,0.05,0.0,0.0,2.1985280909575524e-06,1191.891891891892,544.4444444444445,86.1328125,559.86328125,86.1328125,0.0178431050436568,1.2651164227927254,0.0348299319727891,34.6622856561949,550.382134917916,1076.905994789047,1670.3558779017917,2193.865044795503,3830.346162337465,1352.6120053070804,-0.0021574218780237,5.494144952393127,2.509769190311833,1.8737141800817905,0.3970180987518453,1.8956377633313828,0.8412815189544952,0.2481647664204232,0.1576356657216482,0.2777575292541214,0.7772398793790487,1.8809697006566588,2.157905344941125,0.7979331926022389,0.138353789811657,0.1378638421355134,0.1743524957958518,0.081111818344635,0.2301232893935593,0.1027914743420332,0.1100751758335359,0.1357822656045094,0.1647442160748967,0.2203603366152463,0.4582383168620761,0.3523135042755602,0.1406027411364514,OK,550.329064228591,550.329064228591,1.0064846622095729,14.897669246054967,39.831337541026215,0.0,1081.777252951293,540.8886264756464,0.9892192542555126,0.0,24.93366829497125,0.0,1662.138062887159,554.0460209623864,1.013282522227934,-4.0369856632064085,20.89668263176484,0.0,2198.0522617873125,549.5130654468281,1.0049923000727898,-3.93503436996415,20.9986339250071,0.0,2732.372313362372,546.4744626724744,0.9994350666178906,-10.05656537509342,14.877102919877828,0.0,3247.755038027153,541.2925063378589,0.9899579012089712,-7.910195614391185,17.023472680580063,0.0,3790.8422293074073,541.5488899010581,0.9904267954411236,-6.173762065473468,18.75990622949778,0.0,4401.39387785998,550.1742347324974,1.0062014979662046,-13.2542111124592,11.67945718251205,0.0,546.7833588446676,4.6992025659546295,0.0085942677112263,8.0,0.05,0.0,0.0,5.708220366310949e-07,2,01-09_gambiae
gambiae_female,sf2_data_final/2024-01-09_330025_gambiae_female/002/3_049.wav,6408.0,OK,0.0348299319727891,16.0,1411200.0,44100.0,2.0,2024.0,1.0,10.0,4.0,30.0,11.0,66.3,32.0,0.0,35.0,1009.3,595.9459459459459,630.0,602.9296875,602.9296875,601.3523210334503,0.0662579701481539,2.773634431913514,0.023219954648526,601.0645913780452,1243.8047540546922,117.03618133385534,1891.8366261056544,1459.789305916237,2494.269079178484,859.4351300399534,-0.0015002790232424,1.9558604588249544,6.068791578458511,6.911570896407904,6.280858515737061,5.85590383900538,9.58717263556096,3.002520175936842,2.8153925477861064,2.6462662968104853,4.056792743550035,5.08246286525426,7.610746641583347,9.821447885243236,7.261266329733615,2.530487373483411,1.748906713826986,1.1314097045366729,0.8037804830393511,0.7051081526414341,0.7046745970881318,1.3437009359582175,0.7678777669947536,0.7604565150280604,0.9356677291980467,1.4819604196050775,1.7693542170965868,OK,597.9099175973839,597.9099175973839,0.9839117781812816,8.250439028563846,32.65302518618413,0.0,1236.3219109515885,618.1609554757941,1.0172365886628167,0.0,24.402586157620284,0.0,1888.308175478412,629.4360584928039,1.0357907325767055,-5.130554498235426,19.27203165938485,0.0,2486.964090514404,621.7410226286008,1.023127894584754,-10.800491419700531,13.602094737919751,0.0,2857.902116175677,571.5804232351354,0.9405843489914916,-15.67229002724824,8.730296130372043,0.0,3755.172561910312,625.8620936517187,1.029909468529305,-9.755358496121165,14.64722766149912,0.0,4104.582028481176,586.3688612115966,0.9649199853101074,-11.831187362977175,12.571398794643107,0.0,4883.462174616561,610.4327718270702,1.0045192031635386,-8.028899071811871,16.373687085808413,0.0,607.6865130150129,19.273859883082665,0.0317167807254042,8.0,0.05,0.0,0.0,7.824181617858509e-06,612.5,612.5,86.1328125,602.9296875,86.1328125,0.0483445031041137,1.9389308676174863,0.023219954648526,600.7914329831319,1243.9758516175891,1891.075241463322,1420.9499847545203,253.8264683763136,2494.7364832715903,821.7121790213029,-0.0015002790232424,8.770646008113015,6.781036688816084,5.494568079562655,4.267120749544206,4.079904949256795,6.487730833935935,2.0131035006832696,1.8831362978469952,1.7799745642009044,2.8184290778864662,3.520461975048582,5.187723788746994,6.679331879337379,4.866393756239969,1.6989365218766892,1.145697326981325,0.7590292777424451,0.5369212954764954,0.459788765795144,0.4990318969088926,0.9273436227402044,0.4927200661690304,0.5369267547435389,0.6392111808109711,0.9905777272108904,1.2159420324757657,OK,597.8063751614875,597.8063751614875,0.97100393453767,8.01378411967815,33.052366147867055,0.0,1236.61064965167,618.305324825835,1.004299934053557,0.0,25.038582028188905,0.0,1884.706010048195,628.2353366827316,1.0204290370268194,-6.6073274667314905,18.43125456145741,0.0,2491.044946156361,622.7612365390903,1.0115375748437787,-5.8915023338316885,19.147079694357217,0.0,3149.744773535426,629.9489547070851,1.0232124296319791,-7.322694207491995,17.71588782069691,0.0,3741.341406978967,623.5569011631611,1.0128299556423883,-7.924125430167283,17.114456598021622,0.0,4135.668927687107,590.8098468124438,0.959639625227334,-10.832539702149456,14.206042326039448,0.0,4910.722488676064,613.840311084508,0.9970475090364732,-12.78672347579014,12.251858552398764,0.0,615.6580358720428,13.33085209818913,0.0216530140458684,8.0,0.05,0.0,0.0,4.0556727374981465e-06,630.0,604.1095890410959,86.1328125,301.46484375,86.1328125,0.0206905953483744,1.886570128557675,0.023219954648526,599.9225503113676,1243.664628342568,1893.0231154689425,1726.7623046159956,2495.884592985979,1461.1887737558843,639.6194987338957,-0.0015002790232424,5.026716867955563,3.701854526684704,2.5068134750214064,1.7462172410390822,1.6865112172381007,2.3286584914506103,0.7151270300738005,0.6066014213264941,0.6276807223996241,1.126873418921019,1.4139522286511903,1.9197042135101128,2.325488491836728,1.6997992191141216,0.6032880507420318,0.3978630525352928,0.2855935322385621,0.2202680078455201,0.1896196149017764,0.1787350758381928,0.349382838717769,0.1890157081488888,0.1925121766994717,0.2044204188105822,0.2941795807094202,0.3508423257584185,OK,600.5293272455488,600.5293272455488,0.9666899007105144,6.750487409593472,30.78487234301296,0.0,1235.7332743494571,617.8666371747286,0.9945982836214684,0.0,24.03438493341948,0.0,1890.5156220722176,630.1718740240725,1.0144063889852348,-3.2964418023707367,20.737943131048745,0.0,2494.1217661153155,623.5304415288289,1.00371547777054,-9.707938254112214,14.326446679307267,0.0,3158.7301919243555,631.7460383848711,1.0169403681276392,-11.84961045824987,12.184774475169611,0.0,3758.432842665151,626.4054737775251,1.0083435026028646,-7.919557748938992,16.11482718448049,0.0,4348.5561270777,621.2223038682429,1.0,-16.861836519911677,7.172548413507805,1.0,4946.450679536997,618.3063349421246,0.9953060781817378,-8.581461782536845,15.452923150882636,0.0,621.2223038682429,9.790660266387311,0.015760316726271,7.0,0.05,0.0,0.0,7.374784824302575e-07,3,01-09_gambiae
gambiae_female,sf2_data_final/2024-01-09_330026_gambiae_female/002/4_061.wav,8968.0,OK,0.0493424036281179,16.0,1411200.0,44100.0,2.0,2024.0,1.0,10.0,7.0,23.0,24.0,77.9,30.0,15.5,18.2,1011.2,612.5,604.1095890410959,602.9296875,602.9296875,608.6002764852651,0.0562804607194476,2.819962611215569,0.0464399092970521,607.6995858351316,1239.3268572573784,1854.5546781156777,2455.177573185203,1086.2378772326945,3064.1601564046014,920.3524726687114,-0.0027100908933876,0.4898825377819591,0.9248569935666632,2.066532937580577,6.616662808464471,0.9075730884173469,11.187348189534315,1.5501696280313466,1.019804173735158,1.3444995054849054,0.884488878248026,0.8320690774049199,4.6720814118345,11.76748819364268,7.630134861133936,1.428844857866703,0.5141992127879166,0.4328785021274393,0.6252209619890331,0.2723181552907659,0.5721415414105011,0.5621523298207279,0.2007099404508124,0.4038705992669786,0.4359943566597339,0.3715264281010129,0.943195030332894,OK,612.7461745105044,612.7461745105044,0.9991171372788398,8.390229925142542,44.89591658757452,0.0,1231.5691644072158,615.7845822036079,1.0040714320953592,0.0,36.50568666243198,0.0,1859.4869023537065,619.8289674512355,1.0106660299545631,-9.26254603601037,27.243140626421606,0.0,2455.659296043937,613.9148240109843,1.001022686088401,-9.872047838356202,26.63363882407577,0.0,3072.17521636719,614.4350432734379,1.0018709328859845,-13.62875766956553,22.876928992866446,0.0,3658.938583448834,609.8230972414723,0.9943508952122724,-16.166383803011776,20.3393028594202,0.0,4252.641059664782,607.5201513806832,0.9905958123223988,-21.74631338132956,14.75937328110242,0.0,4897.985170013815,612.2481462517269,0.998305074162181,-23.97781528048849,12.527871381943488,0.0,613.2876232904565,3.4888087665127845,0.0056886991258593,8.0,0.05,0.0,0.0,7.196743407642798e-06,612.5,604.1095890410959,602.9296875,602.9296875,608.4245131909182,0.0410510710880527,2.558039080720987,0.0464399092970521,607.6126487907871,35.44506631766111,1239.1548727772215,1853.70329160481,2455.1343717959585,3063.309546019505,1138.407465808291,-0.0027100908933876,3.143715995549734,1.3487049290103883,1.625906701460534,4.522202278227078,0.6381829861586278,7.634711411513203,1.0425835041405072,0.7031798734974893,0.870628446440064,0.5842893798702882,0.5824894634950317,3.199893059863572,8.054778435664314,5.173899308791468,0.9529990819335477,0.3409989179169115,0.3197893284346074,0.4333063567424092,0.1752066706514938,0.4149061185660256,0.394026526127489,0.1846730485222638,0.3039994760444078,0.2951715638770639,0.2421308823551714,0.6680965063411292,OK,614.1184355192223,614.1184355192223,1.0002657433951696,4.780486116321214,44.482897089244304,0.0,1232.4263636366827,616.2131818183414,1.0036776308144768,0.0,39.70241097292309,0.0,1856.956607202459,618.985535734153,1.0081931940839777,-8.359255514996768,31.34315545792632,0.0,2455.5961990789483,613.8990497697371,0.9999084115889464,-9.41928018195346,30.28313079096963,0.0,3069.369701507581,613.8739403015162,0.9998675137108766,-12.75027791234491,26.95213306057818,0.0,3661.957044967459,610.3261741612431,0.994088972096681,-15.764478380045926,23.937932592877164,0.0,4282.868553029511,611.8383647185016,0.9965520025553456,-21.707386278383307,17.995024694539783,0.0,4899.100525154485,612.3875656443106,0.9974465317545272,-21.154725663710146,18.547685309212945,0.0,613.9552809583781,2.513649211803786,0.0040941894137305,8.0,0.05,0.0,0.0,3.686792778727763e-06,621.1267605633802,604.1095890410959,602.9296875,602.9296875,608.3665383264422,0.0177972565737009,3.108566361987492,0.0464399092970521,36.3538347996016,607.2931082298288,1239.6924980025342,1854.98401320304,2453.39827956691,3062.981388988772,1137.8950881716248,-0.0027100908933876,1.716670508550311,0.7013984937838493,0.68143540466471,1.6701862125206597,0.2525957324466246,2.6241390657648536,0.3993762427121483,0.2005988048447981,0.2745239481740265,0.2662317914303052,0.2205860374687961,1.179351397770663,2.754124953129072,1.814263654255184,0.3699380091880248,0.1332936032162314,0.1490721846508622,0.1981388673084482,0.0920693945664505,0.1771532465249238,0.1807157606201089,0.0866961133939884,0.1340120820455001,0.1323690602676562,0.1030196447441873,0.1737020429935271,OK,612.3363903356125,612.3363903356125,0.99782194803471,9.637022423114487,37.97977287360377,0.0,1233.2877862317312,616.6438931158656,1.0048411630988374,0.0,28.342750450489284,0.0,1859.873201091924,619.957733697308,1.0102411734797967,-7.752871817647659,20.589878632841625,0.0,2454.958613811393,613.7396534528483,1.0001086106589552,-6.5264007968479945,21.81634965364129,0.0,3070.0630628863937,614.0126125772788,1.000553406378386,-6.733869314522451,21.60888113596684,0.0,3654.652287363398,609.1087145605663,0.9925623459919248,-7.614396604622296,20.728353845866987,0.0,4275.122948718001,610.7318498168572,0.9952072973763564,-11.625706537640031,16.717043912849253,0.0,4902.825349067102,612.8531686333878,0.9986640549810336,-14.098655312904643,14.24409513758464,0.0,613.6730020237155,3.1698891497654884,0.0051654368683518,8.0,0.05,0.0,0.0,6.476251762839692e-07,4,01-09_gambiae
gambiae_female,sf2_data_final/2024-01-09_330026_gambiae_female/002/4_003.wav,6408.0,OK,0.0348299319727891,16.0,1411200.0,44100.0,2.0,2024.0,1.0,9.0,20.0,53.0,57.0,74.9,32.0,0.0,30.8,1009.7,604.1095890410959,595.9459459459459,602.9296875,602.9296875,603.7181733290147,0.0577084784493622,3.2507934846372235,0.023219954648526,601.7999199361267,1210.101776518327,1808.4195881226428,94.46671044367838,2414.0292289458985,3022.763627314357,1105.6111315605651,-0.0033169131950128,1.1334546942197778,3.103161071372001,4.580411589829087,5.107364160374704,2.5291547851586214,8.698457323608485,2.296203490029649,1.6364357680877648,1.547931344855162,1.02519747208687,2.3939439650667387,5.832756927578356,9.647259648718386,6.102242032092899,2.169355719625942,0.5324091038029088,0.3320244680188056,0.4394649026807946,0.4849502138420766,0.9474324557823762,0.6196900064611793,0.4022561099764705,0.2726652753244347,0.21118388643371,0.5918637850069796,1.6051211676151986,OK,600.1991382414976,600.1991382414976,0.9933798381646816,3.472846567466988,40.17817360388368,0.0,1220.249776508498,610.124888254249,1.0098077856792658,0.0,36.70532703641669,0.0,1812.0678185985769,604.0226061995255,0.9997079978359894,-6.403422169549359,30.30190486686733,0.0,2422.011186239344,605.502796559836,1.002157836842567,-10.959110716934047,25.74621631948264,0.0,3029.9210975441315,605.9842195088263,1.0029546321404703,-10.1169399147469,26.58838712166979,0.0,3650.3759941848393,608.3959990308066,1.0069463292266296,-14.709919918093185,21.995407118323502,0.0,4257.015891793628,608.1451273990897,1.0065311156666017,-18.52018079957985,18.18514623683684,0.0,4729.739950438924,591.2174938048655,0.9785144644437944,-26.975456358308097,9.729870678108592,0.0,604.199033624837,5.676038231302528,0.0093943186192299,8.0,0.05,0.0,0.0,5.754032827098854e-06,621.1267605633802,595.9459459459459,602.9296875,602.9296875,603.6715659495421,0.0423365453208418,1.7264545955017587,0.023219954648526,601.665825199249,1209.7624712901477,1809.5796568206235,2413.2231625665995,3019.5828372338915,3658.911116664846,1139.6227027255102,-0.0033169131950128,4.223621693253827,3.831043544869925,3.383092175921155,3.575006894857382,1.812291080760523,5.939760575940975,1.567036683389055,1.1014232425068948,1.0762889645614095,0.7443591098985467,1.6580924811171514,3.992048718316784,6.568511847272453,4.163668513738465,1.4785181215268088,0.3822160239240436,0.2697530402578082,0.2868321774330681,0.3397270961133203,0.6807805864838058,0.4568811908060732,0.2739197875058042,0.2194233128590668,0.1211724212624469,0.3766188157394697,1.0841393131585113,OK,603.1806184428602,603.1806184428602,0.993880523652921,1.354691198747318,39.130783152908265,0.0,1225.6956000695377,612.8478000347689,1.0098094563955176,0.0,37.77609195416095,0.0,1816.6918701208656,605.5639567069552,0.9978076284197748,-1.7183783714099192,36.05771358275103,0.0,2420.3347155473,605.0836788868248,0.997016258875106,-7.701283445830811,30.074808508330136,0.0,3026.870910181708,605.3741820363416,0.9974949304595976,-7.13442553060861,30.641666423552337,0.0,3657.045477475383,609.5075795792304,1.004305665401641,-5.352497983995576,32.42359397016537,0.0,4266.044253615823,609.434893373689,1.0041858979525269,-9.208040409980413,28.56805154418053,0.0,4833.306004306858,604.1632505383573,0.9954996388429148,-13.842834148883307,23.93325780527764,0.0,606.8944949498784,3.109199852768497,0.0051231307560719,8.0,0.05,0.0,0.0,3.0441612276869514e-06,648.5294117647059,604.1095890410959,86.1328125,602.9296875,86.1328125,0.0183496715372678,1.7247432473708793,0.023219954648526,600.6771423073752,1210.9197218288905,1809.389137978932,3021.690585743295,2412.342029620129,3654.2326096044735,1138.7368637860814,-0.0033169131950128,2.32444050687159,2.081330401359051,1.4057522677629235,1.3173226507199414,0.7643580856530507,2.0413210301692857,0.5309822268424175,0.3369568713522841,0.3065543584818868,0.2687924137047132,0.6603245806127074,1.4954929732913038,2.268523907773598,1.41142404172499,0.5184848457832665,0.1431069969403032,0.1351038385531907,0.146174938017973,0.1254628875396506,0.2749161278676439,0.1704985081876293,0.1370747452001025,0.1062822837806656,0.0930908906403585,0.1400785915324395,0.2995744715478507,OK,604.2460661946591,604.2460661946591,0.9966360725315108,6.170407107816338,44.58400896307143,0.0,1220.3821649003496,610.1910824501748,1.0064417096444622,0.0,38.413601855255095,0.0,1812.724717744937,604.2415725816456,0.9966286608211568,-7.004314861422472,31.409286993832623,0.0,2413.7217513183346,603.4304378295836,0.9952907850801032,-10.980758826820008,27.432843028435087,0.0,3029.168861350284,605.8337722700568,0.9992548155169374,-9.21498667315756,29.198615182097534,0.0,3646.739123573276,607.7898539288793,1.0024811526849675,-11.85482159276708,26.55878026248801,0.0,4257.863279687751,608.2661828125358,1.0032668037208614,-17.19527356524869,21.218328290006404,0.0,4850.284534934326,606.2855668667908,1.0,-29.95110334975748,8.462498505497614,1.0,606.2855668667908,2.333976584159533,0.003849632436776,7.0,0.05,0.0,0.0,5.782174715326013e-07,4,01-09_gambiae
gambiae_female,sf2_data_final/2024-01-09_330026_gambiae_female/002/3_040.wav,6920.0,OK,0.0377324263038548,16.0,1411200.0,44100.0,2.0,2024.0,1.0,10.0,4.0,13.0,11.0,71.6,32.0,0.0,33.2,1009.5,700.0,700.0,689.0625,689.0625,694.4711395370349,0.0507056260989093,2.87413826457732,0.0348299319727891,688.63698781809,1424.9070740331706,2072.691664777364,85.91385639210282,2806.39502522488,3534.971340440057,1296.5673872512273,-0.0024872717118164,0.6236873386937672,0.5699319061798195,7.838011348310773,5.925249144118444,2.070029382663585,2.25457995586786,9.042835714534812,2.113887186029223,0.80892476825816,2.4261517457164343,0.7717248430843372,0.6232757684188001,2.164351976896019,5.927315109266099,9.683282832879424,7.435354168405056,2.1139837197677007,1.0673126006773153,0.4400186125732931,0.270173696874196,0.4693779956169796,0.1537338411315867,0.6014085886681133,0.4291468486150752,0.2154858548882061,0.2015199571224477,OK,689.1052504994533,689.1052504994533,0.9798228814316452,8.409073432378271,46.80888748962993,0.0,1430.1482282112954,715.0741141056477,1.0167474103736098,0.0,38.39981405725166,0.0,2077.60161440956,692.5338714698531,0.98469795860762,-12.375780102349609,26.02403395490205,0.0,2820.4924486969026,705.1231121742256,1.002598309958962,-13.01610386603026,25.3837101912214,0.0,3535.3815390809914,707.0763078161983,1.0053755138483973,-20.21168181838816,18.188132238863503,0.0,4265.170410928174,710.8617351546956,1.0107579257797652,-24.502095725470166,13.897718331781494,0.0,4923.070123090087,703.2957318700124,1.0000000000000002,-29.60399141840737,8.795822638844285,1.0,5626.365854960099,703.2957318700123,1.0,-28.807578084021944,9.592235973229716,1.0,703.2957318700123,9.405620375200966,0.0133736349432863,6.0,0.05,0.0,0.0,6.311514880508184e-06,711.2903225806451,689.0625,689.0625,689.0625,694.5102420748093,0.0369197961561792,1.3853940605449655,0.0348299319727891,688.6551530593757,1424.70496057764,2072.1205833850377,2806.346677352436,3536.9798191727937,4956.522129465723,1535.234793174173,-0.0024872717118164,5.650776939889492,1.3788858631220648,5.622026067868566,4.042638247699041,1.4361490341222998,1.559024635680185,6.088729837941905,1.4414030776154638,0.4948718991262648,1.6003233976667566,0.5276691952923743,0.4097980412998767,1.4903128590862085,3.942876814443957,6.562569133657012,5.000764739773783,1.4177708141037588,0.6801209981256168,0.2603230100649796,0.1831102373591938,0.3095928523977504,0.0947893589928034,0.4078066205590891,0.2842598826390122,0.1321197327189706,0.1388771987135885,OK,692.0137767588064,692.0137767588064,0.982195763394712,3.430726753593383,45.65974492596071,0.0,1431.113165619605,715.5565828098025,1.0156107691912963,0.0,42.229018172367326,0.0,2078.001651069368,692.6672170231227,0.9831232106230736,-10.820996513264,31.408021659103326,0.0,2818.7693399810105,704.6923349952526,1.0001908187014372,-13.998815935651375,28.23020223671595,0.0,3548.9277075473847,709.785541509477,1.007419758396534,-21.57124641031351,20.657771762053816,0.0,4275.79139965574,712.6318999426234,1.0114596796929471,-22.972935299766228,19.25608287260109,0.0,4931.905245212265,704.5578921731807,1.0,-20.94950307222349,21.27951510014384,1.0,5636.463137385446,704.5578921731808,1.0,-29.0640730199594,13.164945152407924,1.0,704.5578921731808,9.239860899838332,0.0131144097631755,6.0,0.05,0.0,0.0,3.1970417834460163e-06,735.0,700.0,86.1328125,689.0625,86.1328125,0.016463492273565,1.387134501520431,0.0348299319727891,687.8900543109037,1425.5244000148682,2071.679813379918,2836.0736856824865,3538.05779394522,4262.455076415202,1335.1521436314931,-0.0024872717118164,3.080234774476113,0.8252155489171337,1.9771481521923664,1.416718716253114,0.4729845573425795,0.5503170663327035,1.9749965811569528,0.4295900594832054,0.1885243205513511,0.4771339845191645,0.2089986111565858,0.1710364323386377,0.5122107174782866,1.359914585760327,2.136721868624266,1.571183006721328,0.4408978359965653,0.2503863067270394,0.1341024408989366,0.088335087190493,0.1847200095874944,0.0595951772239704,0.1761415320258789,0.1594287054714536,0.0786168157688928,0.065469787370199,OK,690.250637947423,690.250637947423,0.98102953976548,5.455215701754234,40.198046778924,0.0,1431.7173581727284,715.8586790863642,1.0174253696737814,0.0,34.74283107716977,0.0,2074.326235543142,691.4420785143807,0.9827228933486596,-8.715190668296529,26.02764040887324,0.0,2823.154497862846,705.7886244657115,1.0031131466828846,-9.202585269402856,25.54024580776691,0.0,3540.4260091699043,708.0852018339808,1.0063771932693957,-14.595115201988968,20.1477158751808,0.0,4260.984588949977,710.1640981583295,1.0093318572597982,-17.43691799395377,17.305913083215998,0.0,4925.187540007222,703.5982200010318,1.0000000000000002,-18.92042747001337,15.822403607156396,1.0,5628.785760008253,703.5982200010317,1.0,-23.85729342330148,10.88553765386829,1.0,703.5982200010317,9.524444105991972,0.0135367654937757,6.0,0.05,0.0,0.0,5.686847893789841e-07,3,01-09_gambiae
gambiae_female,sf2_data_final/2024-01-09_330026_gambiae_female/002/4_047.wav,6408.0,OK,0.0348299319727891,16.0,1411200.0,44100.0,2.0,2024.0,1.0,10.0,5.0,25.0,3.0,69.0,30.0,0.0,25.3,1010.4,595.9459459459459,588.0,602.9296875,602.9296875,582.3842107117072,0.0616360360590145,4.502852478204299,0.023219954648526,601.4712046131017,1122.9441327611314,135.3434461566052,1723.253535455479,1844.453147341748,2282.611988410442,814.3055414099615,-0.0007501014503414,1.9952445745813163,4.744380579544096,6.81296985212826,6.106450091457739,4.644922692659414,8.306870032827927,3.697572224467013,2.77808778698329,1.967213481011168,1.581024330955723,4.014187928747889,9.170177193801374,9.245715454213494,6.027667941493483,2.8276408550561087,1.2052417661429753,0.8140688040112645,1.0335609031042483,1.0735862479449454,1.025499646637848,0.6741278736702295,0.4311018437876733,0.9507662697870196,1.841115101595425,2.7613243439382105,2.661397090136848,OK,608.7425979099843,608.7425979099843,1.024896470596098,0.4677712014478743,38.61848674067441,0.0,1135.0917121061264,567.5458560530632,0.9555364562416226,0.0,38.15071553922654,0.0,1727.9067030605047,575.9689010201682,0.969717735961651,-5.503705170751857,32.64701036847468,0.0,2438.001673991214,609.5004184978035,1.0261723590396987,-6.168219735337203,31.982495803889336,0.0,2959.3716483311828,591.8743296662366,0.9964965711189764,-7.850769958864152,30.299945580362387,0.0,3574.727851719104,595.7879752865173,1.003085696961592,-9.784571977806294,28.366143561420245,0.0,4234.281485623202,604.8973550890288,1.0184225096652988,-16.46413217683744,21.6865833623891,0.0,4778.593939896792,597.324242487099,1.0056722004150624,-15.42176616725849,22.72894937196805,0.0,593.9552095012376,14.230476299392112,0.0239588374203197,8.0,0.05,0.0,0.0,7.85289921623189e-06,1191.891891891892,588.0,86.1328125,602.9296875,86.1328125,0.0453400414240515,2.338183136386052,0.023219954648526,46.76091066420656,601.2878727202326,1123.148367779144,1722.660963084243,1809.622395475258,2414.456502214224,868.2547476031883,-0.0007501014503414,10.982343688391875,6.3074929510574185,5.562150597935673,4.477001399634663,3.3056415925293487,5.708470133153248,2.485501016394192,1.8691659087785069,1.3667051277881914,1.1143735299550577,2.76429844092573,6.289793976352797,6.3004182792973005,4.115754991089769,1.909619066911475,0.8215170845420606,0.5771641200315506,0.6992141151251589,0.7200846650027581,0.7133885893553795,0.4947620049694511,0.3482433614685161,0.6288784200385732,1.2203727056596692,1.8354301154220312,1.817308205621176,OK,611.3286184480628,611.3286184480628,1.029731429954623,-1.464876159980555,41.11082790808925,0.0,1137.9037418182552,568.9518709091276,0.958351377519206,0.0,42.57570406806981,0.0,1724.0476671537865,574.6825557179288,0.968004232112807,-4.157706998869834,38.41799706919997,0.0,2430.921238144839,607.7303095362098,1.0236703824763826,-10.996721248134754,31.57898281993505,0.0,2957.838264787882,591.5676529575765,0.9964457524356156,-14.87341552202215,27.70228854604765,0.0,3575.5675037414567,595.9279172902428,1.003790249471686,-15.763663037812751,26.812041030257053,0.0,4223.750512015468,603.3929302879241,1.0163644334322643,-23.777804159072097,18.797899908997707,0.0,4766.719916297937,595.8399895372421,1.003642142597416,-23.34243904463445,19.233265023435354,0.0,593.6777305855393,14.096940533864077,0.0237451058168551,8.0,0.05,0.0,0.0,4.196652298560366e-06,1191.891891891892,588.0,86.1328125,602.9296875,86.1328125,0.0194291836315856,2.401115730893233,0.023219954648526,46.80995731904899,599.9957442532151,1122.593694020804,1844.1957034769048,1724.793049519523,2448.138347539933,881.6749680408989,-0.0007501014503414,5.894308095056298,3.41695282417037,2.6162083203993247,1.8530851833576905,1.3518421730721966,2.0606596203047864,0.8274219833578895,0.5152108900945603,0.4304685868045868,0.460669963849455,1.0446044007500597,2.157670337322355,2.219266721339879,1.3730042227628798,0.660015735359822,0.3093627428329305,0.1877243017074811,0.281435130513427,0.2497075443079894,0.2976528378919757,0.1932458473703456,0.1298370356877673,0.1958929794658327,0.3594937822171925,0.5322889551821092,0.5292440606160073,OK,603.0325086242048,603.0325086242048,1.0083272900629536,3.5756239755105206,33.13596208976386,0.0,1135.4464673544303,567.7232336772153,0.9492868486071302,0.0,29.560338114253337,0.0,1834.1844280183711,611.3948093394571,1.0223098463900395,-2.275135597947603,27.28520251630573,0.0,2437.7688699097707,609.4422174774427,1.0190449284417256,-4.67101646408965,24.889321650163687,0.0,2971.777226922944,594.3554453845888,0.9938184210766564,-7.335329774956211,22.225008339297126,0.0,3590.3052553145453,598.3842092190908,1.0005548945858789,-6.80491883514129,22.755419279112047,0.0,4225.041975756488,603.5774251080696,1.0092384418725628,-13.000540995501204,16.559797118752133,0.0,4772.071814557814,596.5089768197267,0.9974193289630522,-9.182632059318628,20.37770605493471,0.0,598.0523532062246,12.743102395129688,0.0213076703516214,8.0,0.05,0.0,0.0,7.296804748572564e-07,4,01-09_gambiae
gambiae_female,sf2_data_final/2024-01-09_330026_gambiae_female/002/1_001.wav,6920.0,OK,0.0377324263038548,16.0,1411200.0,44100.0,2.0,2024.0,1.0,9.0,18.0,36.0,15.0,77.4,31.0,0.0,43.9,1008.2,450.0,464.2105263157895,430.6640625,430.6640625,440.3406189498281,0.0370654134838707,2.7597013398258805,0.0348299319727891,430.6689546678396,901.7124863562552,1383.54896168915,53.70312631300371,1846.765517651889,2321.222210092866,859.3606406876411,-0.0030683548905393,2.021647203827029,5.949577890400241,3.413184529215654,7.3648518580562,2.7324334335846365,3.7029735533759744,2.1488560509828565,3.5959792604527925,7.549546980716578,6.047579128220208,2.518755180377684,1.4873660918550593,0.9764566606528916,0.9358372624244372,1.4794477502054957,0.6841220960134367,0.7806810668186139,1.015550987730661,2.432920358836569,3.3689420868834774,2.16077350585243,0.8534985458624068,0.2599874289052621,0.2768780821307945,0.3245581492405676,0.5634222511579807,OK,432.6252983232219,432.6252983232219,0.9469107161437308,1.3622650284492543,28.6936597856744,0.0,898.6519803817862,449.3259901908931,0.9834644363209948,0.0,27.331394757225148,0.0,1385.1458680693734,461.7152893564578,1.0105815748490772,-6.857284169912976,20.47411058731217,0.0,1836.7975511888835,459.1993877972208,1.005074883131238,-14.842216639586368,12.48917811763878,0.0,2315.819889118059,463.16397782361184,1.0137523987449952,-9.992661496230111,17.338733260995035,0.0,2822.924066061853,470.4873443436422,1.029781452669817,-16.289903660206118,11.04149109701903,0.0,3231.5367777803267,461.64811111147526,1.0104345381401465,-16.580202852697003,10.751191904528143,0.0,3655.046170224598,456.8807712780748,1.0,-21.51155778544169,5.81983697178346,1.0,456.8807712780748,11.473548942312846,0.025112785793582,7.0,0.05,0.0,0.0,3.0212697590916205e-06,1191.891891891892,454.639175257732,86.1328125,430.6640625,86.1328125,0.0287015517771528,0.7806096067676384,0.0348299319727891,38.27250351767347,430.53213467824025,901.8902345354436,1384.0680490483182,1845.9343578136527,2320.5991661981307,863.0723945871181,-0.0030683548905393,12.54938826546562,6.102023439652365,3.0034906001823565,5.311095788044616,2.049579206296557,2.497016302566708,1.5832934349998444,2.651827076157827,5.365964345531135,4.309539591787263,1.7696908955392776,1.044563773737025,0.6795860982285385,0.6302523190947007,1.0073402031823824,0.4338819352116076,0.5452096607427648,0.7182333656121433,1.6196256995234084,2.261820570729213,1.4650564953491163,0.5461244778974165,0.1883347055092107,0.1848015547813317,0.1927356830039603,0.397247951496785,OK,436.2807066582733,436.2807066582733,0.9532797981454784,-1.317836162768657,26.665006461230988,0.0,897.3433345845948,448.6716672922974,0.9803542304358872,0.0,27.982842623999645,0.0,1385.742777977845,461.9142593259483,1.0092894899330476,-7.772182751217976,20.21065987278167,0.0,1843.1053102817705,460.7763275704426,1.0068030922133302,-11.720330682370951,16.26251194162869,0.0,2312.952918797463,462.59058375949263,1.010767268825514,-6.351225024345922,21.631617599653723,0.0,2767.997117452719,461.3328529087865,1.008019108310542,-14.589942008793024,13.39290061520662,0.0,3239.8919893157567,462.8417127593938,1.0113159894053627,-17.285607659120167,10.697234964879478,0.0,3735.154657217484,466.8943321521855,1.0201710227308378,-18.06676898063825,9.916073643361392,0.0,457.6628053033525,9.457787847546363,0.0206654063602076,8.0,0.05,0.0,0.0,1.7154183856641444e-06,1191.891891891892,464.2105263157895,86.1328125,215.33203125,86.1328125,0.014239660264374,0.7428747794998728,0.0348299319727891,38.74639451356237,429.5139712712759,901.1384537303428,1382.5906151215902,2322.001889371019,1848.240835802782,863.8358029245015,-0.0030683548905393,6.718568714670507,3.01807144152134,1.5222196325280144,2.337598054842356,0.8730857534368394,0.7937960401251211,0.5420970604146864,1.2624459281057752,2.1820904276184008,1.576877561492336,0.7413283349231479,0.4191780270185937,0.2370255008795487,0.2080083289417668,0.3214278039247108,0.1567760703544433,0.2226151212393186,0.2148281609418494,0.472736688386868,0.6450058161988907,0.4234948574568857,0.1899145839693961,0.0889214729259419,0.1157557819763406,0.0936449936643824,0.1897115216932818,OK,435.8494101082196,435.8494101082196,0.9535453139702954,3.1693217674448,26.10405829220428,0.0,897.5145605599981,448.7572802799991,0.9817849738853592,0.0,22.934736524759483,0.0,1384.3819480366765,461.4606493455588,1.009577229107391,-5.500795550925751,17.43394097383373,0.0,1840.8956954582293,460.22392386455743,1.00687153819735,-9.10163979301872,13.833096731740763,0.0,2317.3873894018816,463.47747788037634,1.0139896186939212,-5.73480768502052,17.199928839738963,0.0,2809.934208023917,468.3223680039862,1.0245892023274563,-10.992759471727776,11.941977053031708,0.0,3230.4321813300257,461.4903116185751,1.0096421238182256,-13.408119632084386,9.526616892675095,0.0,3656.664481258598,457.0830601573247,1.0,-18.74297311423489,4.191763410524594,1.0,457.0830601573247,10.25286929340475,0.0224310856978068,7.0,0.05,0.0,0.0,3.9904583760429766e-07,1,01-09_gambiae
gambiae_female,sf2_data_final/2024-01-09_330026_gambiae_female/002/3_037.wav,7944.0,OK,0.0435374149659863,16.0,1411200.0,44100.0,2.0,2024.0,1.0,10.0,3.0,43.0,34.0,72.3,32.0,0.0,32.0,1009.6,648.5294117647059,648.5294117647059,645.99609375,645.99609375,645.4599812079397,0.0690890735094371,3.2209350616249885,0.0348299319727891,641.0730412333975,1303.4762087799138,1980.5431739812564,2629.366082902832,77.35576840972351,3955.85376042534,1408.38815312215,-0.0025454259818354,0.5290306436819517,0.307972922045602,3.5646686472855,7.522910833307504,0.3770061623209102,5.359320186457372,4.812405585264425,0.3282861383948546,4.418647148233531,0.6007208293809307,0.353260046882499,1.193634870406569,5.354729940076472,12.928024138926125,4.96799655064063,0.9615722514922836,0.3085700307407255,0.3795970662532242,0.5622312557689023,0.3087421302511717,0.4641595115131569,1.544528634287028,0.2383562685577523,0.2106528397589708,0.1830718877275653,0.1703856563138102,OK,640.6350433800939,640.6350433800939,0.9769065223687852,2.9112810550016306,47.25758011146473,0.0,1313.683646430271,656.8418232151355,1.0016202951963098,0.0,44.3462990564631,0.0,1980.945282700423,660.3150942334743,1.006916697799994,-10.694636340098375,33.651662716364726,0.0,2632.1817643299373,658.0454410824843,1.003455696111703,-13.294420958690964,31.05187809777214,0.0,3284.286286144402,656.8572572288804,1.0016438305755393,-20.136759981881355,24.20953907458175,0.0,3949.207747623991,658.2012912706651,1.003693352585415,-13.30219900940753,31.04410004705557,0.0,4616.912440837326,659.558920119618,1.0057636053622545,-18.946988002748963,25.39931105371414,0.0,5246.234137748973,655.7792672186216,1.0,-22.49651336631583,21.84978569014727,1.0,655.7792672186216,6.296255697180976,0.0096011813912408,7.0,0.05,0.0,0.0,8.796112767110269e-06,658.2089552238806,648.5294117647059,645.99609375,645.99609375,645.4896647796664,0.0492876034161151,2.4670694769585086,0.0348299319727891,35.93563351165897,641.1410813355269,1303.5984728887183,1980.954749343091,2630.4336545390424,3955.15133937003,1418.2865353355514,-0.0025454259818354,4.638799116710171,0.9529960322570248,2.578354408618013,5.176051432029163,0.2574819567912178,3.6542880929181294,3.2984548107468243,0.2336526129166681,2.94020027543745,0.3611978578319627,0.2396980687672263,0.8149372603190305,3.666088270515682,8.779582840093966,3.419771667633148,0.6749367349082608,0.2039464201950289,0.253641120105326,0.3720454190488292,0.2217890717220307,0.2978815686585873,1.1011687819442295,0.1818741606731712,0.1442773953852218,0.1074544803065411,0.1293419683720359,OK,641.4367827664994,641.4367827664994,0.9777388383324876,0.7114880379371655,50.76047731463024,0.0,1314.1664757785786,657.0832378892893,1.0015886506082938,0.0,50.04898927669308,0.0,1981.764272569539,660.5880908565128,1.0069310802299931,-9.662017241163568,40.38697203552951,0.0,2635.316851295944,658.8292128239859,1.004250031355817,-14.195390149487167,35.85359912720591,0.0,3285.3401105003536,657.0680221000707,1.0015654572578738,-19.98898832396368,30.0600009527294,0.0,3951.1996096023695,658.5332682670618,1.0037989245670078,-16.414804281039558,33.63418499565352,0.0,4611.239575503656,658.7485107862366,1.004127017648527,-19.715603102408192,30.33338617428489,0.0,5248.32814341675,656.0410179270938,1.0,-22.4739778484434,27.57501142824968,1.0,656.0410179270938,6.064137872946671,0.009243534637678,7.0,0.05,0.0,0.0,4.449250021328529e-06,678.4615384615385,648.5294117647059,645.99609375,645.99609375,644.528928118689,0.0197939828483126,2.361271743098724,0.0348299319727891,36.86725102286289,640.754350579081,1303.444869569217,1980.824625866388,2629.8329382599454,3956.121535737285,1418.353828589841,-0.0025454259818354,2.508165654082164,0.5520069788807136,0.8980571754421103,1.8005831890983706,0.107120696688118,1.291807470871125,1.0426791084306444,0.0962590800253451,0.7936216946379692,0.1535555371843865,0.1024145616166714,0.3025209940104614,1.293587603689475,2.8296475527981984,1.0689638466896798,0.2023379101525378,0.0962811748224942,0.1637142690604009,0.2003759792315779,0.1133119130776811,0.1293787825393467,0.4767593827662728,0.0783330611542452,0.078543972076013,0.0720119042645123,0.0909031442333692,OK,640.5255306347137,640.5255306347137,0.9765648478347292,4.061283569346394,43.004117288446345,0.0,1314.3367450673798,657.1683725336899,1.001939034481912,0.0,38.94283371909995,0.0,1982.9276117281963,660.9758705760654,1.0077440626479228,-5.873052563516424,33.06978115558353,0.0,2633.7536203295595,658.4384050823899,1.003875365015743,-6.526519170550529,32.41631454854942,0.0,3284.982170628534,656.9964341257067,1.0016768919174108,-10.3459118923201,28.59692182677985,0.0,3950.16817779026,658.3613629650432,1.0037579042432911,-7.572659003488482,31.37017471561147,0.0,4611.669925838396,658.8099894054851,1.004441893858991,-11.864258873894752,27.0785748452052,0.0,5247.172531797822,655.8965664747277,1.0,-15.696705180225088,23.246128538874864,1.0,655.8965664747277,6.391059278059353,0.0097440047786949,7.0,0.05,0.0,0.0,7.193368219304829e-07,3,01-09_gambiae
gambiae_female,sf2_data_final/2024-01-09_330026_gambiae_female/002/3_008.wav,7432.0,OK,0.0406349206349206,16.0,1411200.0,44100.0,2.0,2024.0,1.0,9.0,22.0,24.0,7.0,74.4,32.0,0.0,24.7,1010.4,639.1304347826087,630.0,645.99609375,645.99609375,637.7292170974356,0.0725587144738869,2.89966027396475,0.0348299319727891,612.8753675859093,1285.1453000670792,1942.1420436287133,79.4012093651933,2547.6123590694274,3230.2697376183514,1188.0232625242018,-0.003207168152094,1.1552228407291587,0.8929400233311557,4.5623614267957695,8.02457881469006,1.0232070968200475,9.569937365362936,4.376367940626133,0.7631439569062219,4.2698697112382105,1.162196509567964,0.6726630171566215,3.4606685469033844,9.763166059529818,13.962391558093945,4.5296932809031984,2.042086326608752,0.641797281764454,0.4508197748986081,0.4535760957356545,0.3683445544073014,0.9206108482247212,1.305478655084799,0.2962936357625797,0.5076566797738272,0.1535801038291948,0.272687359597176,OK,625.9522933653033,625.9522933653033,0.9753066937672168,1.8573705926473565,51.488947287600034,0.0,1279.1924755162038,639.5962377581019,0.9965655507707462,0.0,49.63157669495268,0.0,1945.552465241417,648.5174884138056,1.0104659000042382,-8.244714289875013,41.38686240507767,0.0,2562.0561675215063,640.5140418803766,0.9979955966600408,-19.5520364988933,30.079540196059376,0.0,3231.4931380379453,646.2986276075891,1.0070086560260971,-20.74241127458561,28.889165420367068,0.0,3915.740431172129,652.6234051953548,1.016863397327184,-34.92814523427796,14.703431460674716,0.0,4473.708315762215,639.1011879660307,0.9957942054444764,-34.29567399053914,15.335902704413538,0.0,5134.4037510703565,641.8004688837946,1.0,-36.148610114585566,13.482966580367108,1.0,641.8004688837946,7.99510607187382,0.0124573079321346,7.0,0.05,0.0,0.0,1.0617438030229617e-05,648.5294117647059,639.1304347826087,645.99609375,645.99609375,637.8045219101618,0.0525667896237697,1.6488128722980668,0.0348299319727891,612.749180725039,1285.2357005863917,1942.2584183030635,2574.8005732902307,3230.52625596036,3912.0716853487606,1227.5928441381495,-0.003207168152094,9.532623919437784,2.2649230614402875,3.3729991102461407,5.55556187628471,0.7100406968477395,6.559976903830431,3.0196696736264177,0.5241883862452659,2.8739776091554914,0.7676325491923467,0.4702356326823583,2.4121672951885267,6.703962630211024,9.629406677461631,3.111600562293285,1.337930026043496,0.3976108652302493,0.3245365467612153,0.3566979561994409,0.242979262248387,0.659890362683297,0.9158448004313544,0.1977783451941,0.339468327154292,0.0934434047627912,0.1747295379579445,OK,627.4956024789417,627.4956024789417,0.976608996309822,0.3452458364134045,50.77864900757476,0.0,1279.612266798772,639.806133399386,0.9957686130446016,0.0,50.43340317116135,0.0,1946.0365907211765,648.6788635737254,1.0095777745365029,-7.142189949253563,43.29121322190779,0.0,2565.8459188354204,641.4614797088551,0.9983449276696752,-16.840953875099636,33.59244929606172,0.0,3234.434620184093,646.8869240368188,1.0067888716889404,-15.70395779558421,34.72944537557714,0.0,3906.6127853658313,651.1021308943052,1.0133492506335344,-24.816112652772222,25.61729051838913,0.0,4495.702401480302,642.2432002114717,0.9995615661169236,-28.05415147697408,22.379251694187275,0.0,5140.199239204005,642.5249049005006,1.0,-31.17532673889182,19.258076432269533,1.0,642.5249049005006,7.220497652716173,0.0112376930413838,7.0,0.05,0.0,0.0,5.401323245938069e-06,668.1818181818181,639.1304347826087,86.1328125,645.99609375,86.1328125,0.0205058937991285,1.4428798375442085,0.0348299319727891,612.2287383098661,1285.1713576155337,1942.734655850272,3230.318143265665,2547.9071696948613,3916.286422133248,1227.4920551824898,-0.003207168152094,5.278658793776656,1.307402213548787,1.2190910885712292,1.9621233292572835,0.2824883370658471,2.2579617068402578,0.97714909515092,0.1710348348085903,0.750149641851333,0.2875774665223657,0.2067847191779523,0.8758396457638299,2.2998952747194017,3.0748629144276243,1.0158773521503663,0.4600466593031738,0.1727792657078407,0.1636760523084682,0.1588679221567359,0.0924913632799229,0.2232690013693931,0.3412797534482752,0.1233953019475733,0.2131736199169779,0.0672473913069559,0.0682186652330218,OK,623.4850904402601,623.4850904402601,0.9716289823806364,4.259805829878161,44.01676634597425,0.0,1280.1627625343533,640.0813812671767,0.997492370959926,0.0,39.756960516096086,0.0,1947.6321901353824,649.2107300451274,1.0117193989978452,-2.9823943161904864,36.7745661999056,0.0,2565.1919455649254,641.2979863912313,0.9993883085160424,-9.796210272744492,29.9607502433516,0.0,3231.9581118870747,646.3916223774149,1.0073261476492577,-8.862844400427104,30.894116115668982,0.0,3914.772534267533,652.4620890445889,1.0167862637624383,-19.16167600621722,20.595284509878866,0.0,4472.332350395008,638.9046214850011,0.9956585277338524,-18.71263614535224,21.044324370743844,0.0,5133.524024058059,641.6905030072573,1.0,-20.050668350340867,19.70629216575522,1.0,641.6905030072573,8.755593546430795,0.0136445739891708,7.0,0.05,0.0,0.0,7.854166272279275e-07,3,01-09_gambiae
gambiae_female,sf2_data_final/2024-01-09_330026_gambiae_female/002/1_035.wav,6408.0,OK,0.0348299319727891,16.0,1411200.0,44100.0,2.0,2024.0,1.0,10.0,3.0,39.0,43.0,72.2,32.0,0.0,32.2,1009.6,565.3846153846154,572.7272727272727,559.86328125,559.86328125,562.6103557396473,0.0506935773102267,3.713029060555842,0.023219954648526,521.5256804547935,1158.495976097099,1681.4334771105528,2233.1545275330814,81.4130748182618,2881.7191475544105,1051.9894125227788,-0.0026066045710043,0.9036158094542788,3.567164564837884,4.555385058646291,3.2467361955627903,3.982328195974723,4.461608079347895,2.052692316188163,2.608970712191632,2.269514853983841,2.374489959042241,3.896653850041121,7.104636570529879,4.622557205393835,2.6642788623265528,1.4349510547381985,1.1287592552742007,0.4295391193102247,1.2970865765789004,1.4973578874464262,0.5446161044359632,0.5883887149546178,0.577597443531618,0.8072363738098617,1.4041914514170644,2.7136989785514354,2.567307102721301,OK,581.9817165684318,581.9817165684318,1.0174677894721007,-2.804314789281179,30.71733852342839,0.0,1150.267761896382,575.1338809481911,1.0054958460710657,0.0,33.52165331270957,0.0,1685.9569917156496,561.9856639052165,0.9825090632403342,-0.6651766712824738,32.85647664142709,0.0,2223.455361033305,555.8638402583264,0.9718063930426064,-7.148622780073104,26.373030532636463,0.0,2874.6627480417774,574.9325496083554,1.00514386224157,-10.316054907017506,23.20559840569206,0.0,3474.30487337937,579.050812229895,1.0123437440363288,-13.845446450003433,19.67620686270613,0.0,4046.0222212765634,578.0031744680805,1.0105121784607536,-14.952298607347952,18.56935470536161,0.0,4551.766752039033,568.9708440048792,0.99472112343524,-15.152720911008709,18.36893240170086,0.0,571.990310248922,8.467920295086612,0.014804307246746,8.0,0.05,0.0,0.0,4.553052955695118e-06,1191.891891891892,565.3846153846154,86.1328125,559.86328125,86.1328125,0.0382003455994867,2.64980401142835,0.023219954648526,41.00390298891664,520.8689161416589,1158.7138003016096,1681.424930307635,2234.218981934395,2881.2912139238456,1062.544488732629,-0.0026066045710043,8.607920351104312,3.275906698752158,3.4417810551701065,2.34184183929988,2.826595702308357,3.033682717025843,1.3922769893972595,1.7088475595511072,1.6096181687334408,1.665766966985212,2.6991954398096034,4.835459126635088,3.127355426151904,1.7909573610298335,0.995335586638451,0.7938606239275727,0.2980290990212803,0.9073608741345278,1.02214075973756,0.3816580275890799,0.4235575235383257,0.3997940397197483,0.562013889846294,0.9368016486051136,1.8482761782650847,1.722243660507903,OK,535.647775879555,535.647775879555,0.9447559545267016,-1.4402593943594368,33.94989649014968,0.0,1150.524333651079,575.2621668255393,1.014626368288268,0.0,35.39015588450912,0.0,1685.9420833455938,561.9806944485313,0.9912009931106032,-0.769157911445042,34.62099797306408,0.0,2226.061250478668,556.515312619667,0.98156135254997,-7.429639095369286,27.960516789139835,0.0,2870.9639115670693,574.1927823134139,1.0127402270010195,-11.305803715950669,24.084352168558453,0.0,3479.405987708896,579.9009979514825,1.0228081689521134,-16.074820624056837,19.315335260452283,0.0,4065.0987307076266,580.7283901010895,1.024267492961788,-17.181802253647106,18.20835363086201,0.0,4572.220648903281,571.5275811129101,1.0080394426095358,-15.081982877173791,20.308173007335327,0.0,566.9694626565235,14.201582422626329,0.0250482316209502,8.0,0.05,0.0,0.0,2.595646947156638e-06,1191.891891891892,558.2278481012657,86.1328125,559.86328125,86.1328125,0.017412967756694,2.7966956319134946,0.023219954648526,41.39624389139637,520.5298592565056,1158.2086392842702,1682.284714080674,2233.7394242620835,2851.4471027753543,1054.3206913923643,-0.0026066045710043,4.5812648412785455,1.649434654983451,1.4872585490655217,0.967110154499,1.1665372492510058,1.040156982385811,0.4737865711651881,0.4665826393863114,0.582435998748631,0.7023032295896942,1.0622504649086637,1.6541750940917743,1.0451502486669,0.6202503768072275,0.3663554025421451,0.3023090306449484,0.0999049305909758,0.3176109762460244,0.3676574982355672,0.1585496658985886,0.1913866182891938,0.169935211806699,0.1809246983358751,0.2960188220379601,0.5581305226682383,0.5225971789780322,OK,535.4499647805671,535.4499647805671,0.9438043868513484,3.0279167086357823,29.60772457876862,0.0,1148.0098529481827,574.0049264740913,1.011762822512365,0.0,26.57980787013284,0.0,1686.733843080988,562.2446143603294,0.991033650986024,-0.6428900037589216,25.93691786637392,0.0,2225.392901382755,556.3482253456888,0.9806404523967208,-5.491981310546407,21.087826559586432,0.0,2879.5195048053447,575.903900961069,1.015110026862379,1.5965677588597131,28.176375628992552,0.0,3480.5470827448867,580.0911804574811,1.0224906842862822,4.182253140457185,30.762061010590024,0.0,4072.545655069831,581.7922364385473,1.025489029982071,1.149967916348654,27.729775786481493,0.0,4582.536035418038,572.8170044272548,1.0096689461228106,-0.4261083529612861,26.15369951717156,0.0,567.3315066556286,14.504201103804082,0.025565654178639,8.0,0.05,0.0,0.0,5.344324260173986e-07,1,01-09_gambiae
gambiae_female,sf2_data_final/2024-01-09_330026_gambiae_female/002/3_046.wav,7944.0,OK,0.0435374149659863,16.0,1411200.0,44100.0,2.0,2024.0,1.0,10.0,5.0,9.0,2.0,68.7,31.0,0.0,27.7,1010.1,630.0,630.0,645.99609375,645.99609375,637.8345980775782,0.0709665477869227,2.7810993767237338,0.0348299319727891,637.2955832635172,1282.2138588789564,1927.4680642914225,2535.3734146760457,3187.266841172237,46.78762972645218,1178.2857395058186,-0.0011384248232899,0.4295538985505835,0.7067019899992546,5.001061786886791,10.755129618383886,0.5399495737458259,10.4866520840264,4.998210074691291,0.2672346418352561,2.861620269984123,1.968601759461328,0.5018496099599038,3.3811353249492044,10.681906787249073,15.326619965895809,5.012053981748658,0.5452026265669787,0.2348277096470702,0.3321865972699063,0.4353162461647187,0.3925509401357558,1.8194574612345813,0.7600315953895744,0.1743991905581541,0.2919634170927305,0.1567712033767017,0.1424169303189806,OK,631.713122472446,631.713122472446,0.992181470177008,9.868994241668048,50.79292690554618,0.0,1278.886597692138,639.4432988460691,1.0043226423107934,0.0,40.92393266387813,0.0,1921.233879755525,640.4112932518418,1.0058429939996798,-2.4951845192283457,38.42874814464979,0.0,2529.1429692159686,632.2857423039922,0.9930808385233428,-11.245472565519286,29.678460098358848,0.0,3191.47549840823,638.295099681646,1.0025192573651798,-15.273726765179592,25.65020589869854,0.0,3823.476987443885,637.2461645739809,1.0008717785647234,-24.21183023786437,16.712102426013768,0.0,4462.101386735959,637.4430552479942,1.0011810190592727,-26.95315281029212,13.970779853586016,0.0,5093.528887289109,636.6911109111386,1.0,-32.20767609972062,8.716256564157511,1.0,636.6911109111386,3.140705593336881,0.0049328560419861,7.0,0.05,0.0,0.0,9.742344749004893e-06,689.0625,630.0,645.99609375,645.99609375,637.8171883738622,0.0503861369122085,1.861035970349924,0.0348299319727891,637.1980760085366,41.578609561333714,1282.4395407751497,1927.6261606266564,2536.44295495309,3187.1367743114533,1179.8094042259188,-0.0011384248232899,5.113423302076502,1.390344370289326,3.507358570271116,7.380419052060442,0.3697769695190253,7.193392813377106,3.3969127780976485,0.1457322220461968,1.8718004626552869,1.2963738590963891,0.3291273731931718,2.331016549942005,7.307987097718103,10.484968920538895,3.416470793496904,0.3396160202332899,0.1456474744679018,0.2235153515250992,0.2806659366359841,0.2362325010329243,1.2245359718011255,0.5165861857953153,0.1227919212902257,0.2370532721154094,0.132448179231847,0.1011590584398296,OK,632.4979005056433,632.4979005056433,0.991529116831412,8.515283855819334,53.40966159927642,0.0,1279.056236853232,639.528118426616,1.002549968854386,0.0,44.894377743457085,0.0,1921.0714044815893,640.3571348271965,1.0038495682662565,-2.8834837533625617,42.01089399009452,0.0,2533.4986084323764,633.3746521080941,0.9929035478632994,-11.03474264211222,33.859635101344864,0.0,3191.540624829496,638.3081249658992,1.0006374580971529,-13.324420310900557,31.569957432556528,0.0,3841.801798565141,640.3002997608568,1.0037604713331474,-17.95536352484699,26.93901421861009,0.0,4486.609371155332,640.9441958793332,1.0047698687543465,-20.146253585524185,24.7481241579329,0.0,5103.211915969873,637.9014894962341,1.0,-21.111246763741185,23.7831309797159,1.0,637.9014894962341,3.24135887754172,0.0050812843846806,7.0,0.05,0.0,0.0,4.990213104368498e-06,1191.891891891892,630.0,645.99609375,645.99609375,636.9463157598865,0.0205409582595551,2.052241373854488,0.0348299319727891,42.47998109815531,636.9087505501683,1281.8431969142748,1927.4623441940928,2534.6031657810872,3188.358892938126,1179.6790332556343,-0.0011384248232899,2.687523710091141,0.7799290315025021,1.2692499151647534,2.6194919174058966,0.160956637330155,2.499628272209912,1.1716068843813638,0.07103191078647,0.5391984476324596,0.4850514566801292,0.1673375797176567,0.8623826277606892,2.541305868404208,3.485750149421811,1.1719683709002622,0.1478480964754105,0.0975150264388009,0.1204260224901108,0.1553991716083079,0.1277577585261372,0.4729741278359588,0.2074345207457124,0.0872985733574585,0.1241374791957972,0.079340921354337,0.0579783272327608,OK,632.1100330672675,632.1100330672675,0.9940099212097356,9.43405896141354,42.5045718490904,0.0,1278.971385168179,639.4856925840895,1.0056083429269336,0.0,33.07051288767686,0.0,1921.4639430386885,640.4879810128961,1.007184468269088,-0.2463399949612608,32.8241728927156,0.0,2529.089942160342,632.2724855400855,0.9942653820650597,-6.053334964935637,27.017177922741222,0.0,3193.863373187747,638.7726746375495,1.004487103149387,-9.008213489769744,24.06229939790712,0.0,3830.3481189929184,638.3913531654864,1.003887464943105,-13.678321569634818,19.392191318042045,0.0,4409.401191313368,629.9144559019097,0.9905573174366914,-17.07105177884641,15.999461108830452,0.0,5087.353915324896,635.919239415612,1.0,-20.28487519843245,12.78563768924441,1.0,635.919239415612,3.994866685120048,0.0062820346319309,7.0,0.05,0.0,0.0,8.075447112787515e-07,3,01-09_gambiae
gambiae_female,sf2_data_final/2024-01-09_330026_gambiae_female/002/3_034.wav,6920.0,OK,0.0377324263038548,16.0,1411200.0,44100.0,2.0,2024.0,1.0,10.0,3.0,32.0,7.0,72.3,32.0,0.0,32.7,1009.5,658.2089552238806,648.5294117647059,645.99609375,645.99609375,657.0542302215929,0.0631895829117417,3.1730406000469658,0.0348299319727891,680.9481988485807,1300.2322515400103,74.61825607884863,1946.3518313987,3307.099868314541,2624.398537546402,1210.4788055313184,-0.0026278679224712,0.8769980724488923,0.8556099781413644,7.3533425291957855,6.204130865465729,1.2084354101205312,3.9685120668517424,8.366861939922087,0.9117514816533462,3.985697453549345,0.6077215453332171,0.7265370913467429,1.4041442917841558,3.966602746779769,10.669633050547644,8.515235898393868,3.182143684085703,0.6860892417184731,0.5144252238983797,0.3159219943603361,0.1909846234848664,0.3549308723974881,0.7569152818094269,0.2323525430655092,0.202531525581543,0.3241525763918612,0.3528631375394295,OK,673.1108976084802,673.1108976084802,1.0200941305678308,2.535391667275277,45.18798197185242,0.0,1309.91189745528,654.95594872764,0.9925804521236048,0.0,42.652590304577146,0.0,1969.1524971895888,656.384165729863,0.9947449034589214,-14.427044489614786,28.22554581496236,0.0,2630.059127540112,657.5147818850279,0.9964583431133774,-18.33903320285698,24.313557101720164,0.0,3300.56699406578,660.113398813156,1.000396526086489,-18.256396693013954,24.39619361156319,0.0,3955.0153694728574,659.1692282454765,0.9989656432144888,-22.484625848771053,20.167964455806093,0.0,4603.996821597302,657.7138316567574,0.996760001435288,-26.50076943299608,16.15182087158107,0.0,5278.814003047315,659.8517503809144,1.0,-30.88975006749762,11.762840237079526,1.0,659.8517503809144,5.636164056874157,0.0085415611212981,7.0,0.05,0.0,0.0,9.09166835929052e-06,668.1818181818181,648.5294117647059,86.1328125,645.99609375,86.1328125,0.0452358139663452,2.2544136363917127,0.0348299319727891,44.13192866879638,680.8838799350439,1300.300369234512,1978.311800039025,3307.1234427223294,2626.1947900304017,1220.3985951523289,-0.0026278679224712,8.637913236888389,1.817570241148581,5.119685483343466,4.220072116482674,0.7956926324461587,2.716617937014864,5.659166474544337,0.5844971569878947,2.628679591557331,0.4314006840215245,0.5092747434221084,0.9559825429990731,2.751906690986254,7.215696939066517,5.804922148999708,2.1228250815849887,0.4411349619745352,0.36213860540586,0.1956246427636715,0.1424300862489181,0.2514649275628771,0.5822696971061331,0.1901375760853496,0.1622801522679377,0.222787988470353,0.2510085753703513,OK,672.8591835496187,672.8591835496187,1.0182503535382124,1.847997919469776,46.360018218935465,0.0,1310.9618317191866,655.4809158595933,0.9919514968801236,0.0,44.51202029946569,0.0,1988.601055437509,662.8670184791698,1.003129023749828,-9.282970967777397,35.229049331688294,0.0,2636.279367805557,659.0698419513892,0.9973826856803046,-11.793198244157304,32.71882205530839,0.0,3299.434286930037,659.8868573860075,0.9986190903775808,-11.33232214749642,33.17969815196927,0.0,3954.867555904224,659.144592650704,0.997495807307928,-14.056893001851796,30.45512729761389,0.0,4594.009848426998,656.2871212038569,0.9931715424660218,-18.991962747380907,25.520057552084783,0.0,5286.394892663246,660.7993615829057,1.0,-26.96723867770876,17.54478162175693,1.0,660.7993615829057,5.410609304792598,0.0081879759868892,7.0,0.05,0.0,0.0,4.547967154604311e-06,689.0625,648.5294117647059,86.1328125,645.99609375,86.1328125,0.0180549310827524,2.23313503872164,0.0348299319727891,44.99748816940189,680.4317281202393,1300.2357184138566,1945.9530393719915,3309.309464422276,3958.7523126904666,1517.2699464360137,-0.0026278679224712,4.655215554051345,1.005860106544637,1.7685967640721714,1.464772574072751,0.3234302073488049,0.9204253165897096,1.80158225385639,0.2016796435819877,0.7254013630600571,0.148706519891877,0.2188542180267368,0.3591517888280115,0.9081857069964612,2.2630951253740186,1.834311264873452,0.7176889491253853,0.168270404388163,0.1804659813322281,0.1171184780347887,0.0606193112406198,0.1077469015679497,0.2463430570319003,0.0823937689796698,0.0918930445879227,0.1264015677942312,0.11262949883158,OK,672.11459049145,672.11459049145,1.018441437894663,2.767386483245126,40.43658738258879,0.0,1310.8961256262232,655.4480628131116,0.993186990731082,0.0,37.669200899343664,0.0,1975.4068907745543,658.4689635915181,0.997764499649982,-10.529106805343469,27.1400940940002,0.0,2623.0799972350405,655.7699993087601,0.9936748144923536,-13.073352934671547,24.59584796467212,0.0,3305.823097310232,661.1646194620463,1.001849171638493,-11.02797604022048,26.641224859123184,0.0,3955.549175227148,659.2581958711913,0.9989604071174208,-12.612468618032295,25.05673228131137,0.0,4601.698171816492,657.3854531166417,0.996122678476006,-16.818020724971802,20.851180174371866,0.0,5279.554153891108,659.9442692363884,1.0,-21.70962781060198,15.959573088741683,1.0,659.9442692363884,5.297454093335509,0.008027123410686,7.0,0.05,0.0,0.0,6.756706100601989e-07,3,01-09_gambiae
gambiae_female,sf2_data_final/2024-01-09_330026_gambiae_female/002/3_029.wav,6920.0,OK,0.0377324263038548,16.0,1411200.0,44100.0,2.0,2024.0,1.0,10.0,2.0,55.0,38.0,72.8,32.0,0.0,34.5,1009.3,630.0,612.5,645.99609375,645.99609375,639.1332281236278,0.0642877393433691,4.39497848387452,0.0348299319727891,651.3783526865739,1246.5375652909174,1853.983476471912,79.60744539884412,2452.965739542471,1414.38806322262,843.864173523546,-0.002730650144257,1.073987041283034,1.7220000569448322,7.7293389861638655,7.708297799935832,1.8833291847626723,7.328859077550873,6.859708697286084,1.855900961130252,2.9884310456562524,1.720512250149671,1.3614887032752454,3.1312176594801326,8.7671128849134,10.831522344552766,6.835628388303545,2.9834202547877875,1.1091076567732514,1.1239159076318477,0.3567676824333241,1.1126729593204916,1.3451401296819998,0.545049341109772,0.4366892687010004,0.4479270527939983,0.525099468560171,1.4077905911774746,OK,659.0955628255408,659.0955628255408,1.0537696426706609,3.4605399904950858,48.23205706587156,0.0,1243.7944777500052,621.8972388750026,0.994296530199288,0.0,44.77151707537647,0.0,1857.09579736172,619.0319324539067,0.9897154450064884,-8.241273994144038,36.53024308123244,0.0,2450.892919947772,612.723229986943,0.9796290182130378,-12.757629983331247,32.01388709204522,0.0,3125.0393290150937,625.0078658030187,0.999269836668482,-19.63444607113493,25.137071004241538,0.0,3728.55694399426,621.4261573323766,0.9935433595563036,-22.48214819985489,22.28936887552158,0.0,4358.161034444256,622.5944334920366,0.9954112130524304,-25.50528489116746,19.266232184209013,0.0,4975.520287466573,621.9400359333216,0.9943649546333092,-28.48304686929596,16.288470206080518,0.0,625.4645570877683,13.156117780677343,0.0210341539446034,8.0,0.05,0.0,0.0,1.0277717732466184e-05,648.5294117647059,612.5,86.1328125,645.99609375,86.1328125,0.0472038145173172,2.1661294421386543,0.0348299319727891,53.56335423183673,651.3489082896671,1246.6172903066024,1854.0556321531656,2453.1817766922936,1413.0821088962705,851.3587459155281,-0.002730650144257,11.978863319856712,3.123508342817766,5.589034860035701,5.362678571475499,1.335477810174929,4.977639721380372,4.670098175862084,1.2521812930855345,1.9933216039054968,1.180499579360751,0.9174862755954916,2.1139248789135787,5.963757808873808,7.358185552905528,4.608944478587201,2.040980934001734,0.7834456812593122,0.7829937533535808,0.2182915290578185,0.7710310782530623,0.94177823155528,0.3744502368686835,0.326531419562922,0.3578176608713899,0.3629635623257398,0.9095220701056866,OK,661.9571804297074,661.9571804297074,1.058058447808283,0.0355361587676199,43.277906236187256,0.0,1244.2060225884177,622.1030112942087,0.9943563812987526,0.0,43.24237007741964,0.0,1858.35378233954,619.4512607798466,0.9901178789965652,-7.013994135761763,36.22837594165787,0.0,2451.843787019567,612.9609467548918,0.9797438974369508,-10.45768700372303,32.784683073696606,0.0,3115.3744916033584,623.0748983206717,0.9959098251000524,-16.5537340803498,26.68863599706984,0.0,3722.4500931791695,620.4083488631951,0.991647668478154,-20.16751512744788,23.07485494997176,0.0,4353.37862799346,621.9112325704943,0.9940498462165224,-20.17181371981208,23.07055635760756,0.0,4985.631380137905,623.2039225172381,0.9961160546647202,-23.756081139064587,19.48628893835505,0.0,625.6338501912817,14.07255558490922,0.0224932771470192,8.0,0.05,0.0,0.0,5.268031740202927e-06,722.9508196721312,604.1095890410959,86.1328125,645.99609375,86.1328125,0.0197345014772795,2.306756667231338,0.0348299319727891,54.16096693051509,650.5672904129291,1246.542073331722,1854.2107653121925,2452.673376990449,3137.8005532196075,1145.909226428991,-0.002730650144257,6.36816680613629,1.6941092517579357,1.985076739048019,1.9120568487756529,0.4975517259052583,1.5630769695122977,1.5323925283150803,0.3575546988025762,0.575058231197413,0.3888724425645991,0.3772279307926482,0.7943934619583061,1.906926615528572,2.368289412639358,1.5525994535363417,0.6678779262449627,0.3075164561487631,0.3378962006239175,0.1101979886815451,0.2745835713270024,0.3504926853403012,0.1634859795991845,0.1801239215923226,0.1639297047326192,0.1279031213507994,0.2838115338535589,OK,658.7747953090521,658.7747953090521,1.0534114766235765,4.61231124845142,41.45431986246729,0.0,1244.2192613455304,622.1096306727652,0.9947821764512192,0.0,36.84200861401587,0.0,1857.1122474446647,619.0374158148885,0.9898695622877972,-5.839224397702619,31.00278421631325,0.0,2451.157543984194,612.7893859960485,0.979878672587221,-7.81665276624701,29.025355847768857,0.0,3126.0087076963287,625.2017415392658,0.9997266052559614,-11.881491746771207,24.96051686724466,0.0,3728.307239595872,621.3845399326453,0.993622722700598,-13.23517102784326,23.60683758617261,0.0,4355.544165013422,622.2205950019173,0.9949596135642615,-13.82221155688817,23.019797057127697,0.0,4971.708935637171,621.4636169546463,0.9937491705293648,-16.34489491685548,20.497113697160387,0.0,625.3727151526537,13.067012632906096,0.0208947597429421,8.0,0.05,0.0,0.0,8.192322499011285e-07,3,01-09_gambiae
gambiae_female,sf2_data_final/2024-01-09_330026_gambiae_female/002/4_058.wav,11528.0,OK,0.0638548752834467,16.0,1411200.0,44100.0,2.0,2024.0,1.0,10.0,6.0,58.0,26.0,76.2,30.0,6.5,20.0,1011.0,580.2631578947369,565.3846153846154,559.86328125,559.86328125,572.1509136227063,0.074691125181173,2.786292359016488,0.0580498866213151,566.869282833059,1161.4334756406947,1726.221220105207,2286.6246826826705,2879.4432699526647,44.86448188510211,1063.6676674986309,-0.0021500559706879,0.6362458003481959,4.852875260156297,5.4011132058944895,4.6043389547296325,4.967455111523349,9.465195824824892,1.230386819816851,2.2814146617433613,2.584109900970917,1.745177686549464,4.9802071621128094,11.74304067049115,9.894291082624354,4.397511392935403,0.9218668657615624,0.6950428881316137,0.9564830146511476,0.7560534808600616,2.326766862801587,0.6100813709725053,0.7678561696651826,0.3395814635848428,0.5324675759808498,1.426110363168639,2.446801532762318,3.0441256193026685,OK,578.3978326548138,578.3978326548138,1.0014188305966956,8.098527077379877,42.678977280587006,0.0,1162.5577063610958,581.2788531805479,1.0064069340143091,0.0,34.58045020320713,0.0,1732.021866574571,577.3406221915237,0.9995884114525174,0.9080233867382432,35.48847358994537,0.0,2302.5797767226086,575.6449441806521,0.9966525707649384,-5.402537140807652,29.17791306239948,0.0,2876.2845558074505,575.25691116149,0.9959807432608508,-7.72944574248735,26.85100446071978,0.0,3455.290503852927,575.8817506421545,0.997062569621032,-13.569282342893032,21.011167860314096,0.0,4050.301306740094,578.614472391442,1.0017939134539726,-18.803379329172632,15.777070874034496,0.0,4625.691105537441,578.2113881921802,1.001096026835684,-21.84997234510308,12.730477858104056,0.0,577.5783468243505,1.8675405888730503,0.0032333978570027,8.0,0.05,0.0,0.0,1.162943094227971e-05,580.2631578947369,572.7272727272727,559.86328125,559.86328125,571.9693167124998,0.054896745991227,2.1896704539524485,0.0580498866213151,34.94642226141297,566.7240086447226,1726.4189901599127,1161.3927227653,2287.147533302179,2880.2817562878777,1066.627130802966,-0.0021500559706879,6.458310590062708,4.209188061886892,3.905766107681109,3.2455917347067085,3.4333308314480644,6.477590106331736,0.8226627658023621,1.5272593946674378,1.7902494004442215,1.2141653598255715,3.4251188034476225,8.064087250766727,6.7640479166369545,2.9975271735911178,0.6148308224216301,0.4985634967647128,0.673248966751962,0.5164741302080709,1.6636649454080876,0.4261649208809037,0.5626498496517741,0.2523069455176913,0.3586754691909721,0.9615089156413028,1.668694680239463,2.1324414383282995,OK,581.4276866578293,581.4276866578293,1.0061501819940155,6.314397656052968,42.28248055106,0.0,1161.4918414948445,580.7459207474221,1.0049703983157108,0.0,35.96808289500704,0.0,1733.1693384642751,577.723112821425,0.9997394834235124,1.5977491067957246,37.56583200180276,0.0,2302.88235997456,575.7205899936399,0.9962741535916894,-3.313773819695193,32.65430907531184,0.0,2877.6816622542583,575.5363324508517,0.9959552992191434,-4.3514317436676215,31.61665115133941,0.0,3453.302220947037,575.5503701578394,0.9959795912192744,-8.812151652775217,27.15593124223182,0.0,4055.3453988226574,579.3350569746653,1.0025289238653146,-12.670847734787078,23.29723516021996,0.0,4615.601584839533,576.9501981049416,0.998401968371338,-14.961165764133264,21.006917130873774,0.0,577.8736584885769,2.21891304873776,0.0038397892275299,8.0,0.05,0.0,0.0,6.218545009191572e-06,588.0,572.7272727272727,86.1328125,559.86328125,86.1328125,0.0240156031379507,2.443821708203837,0.0580498866213151,35.06722961762418,565.8431699695608,1726.3463506416736,1161.603040600373,2879.752854064299,2286.314673238601,1066.4506572519963,-0.0021500559706879,3.4025080211781846,1.9217673763128569,1.659214563909032,1.2626846781569263,1.3779446539575482,2.3251464949912046,0.2908252458543647,0.4324646105040208,0.6057602270010463,0.5151316338405876,1.3605044932987234,2.9084965674382053,2.399510904684547,1.0871452970907292,0.2333615914451718,0.2229756821988369,0.268054195744236,0.195111692141963,0.5985962082658478,0.1652096536319128,0.2596280807140943,0.1258503250546649,0.1325120853785416,0.2761883409174986,0.534905436851769,0.7062440039420324,OK,577.499958276992,577.499958276992,1.000219502146109,11.114204312374332,37.91979747685748,0.0,1164.1937098821388,582.0968549410694,1.008181244180652,0.0,26.80559316448315,0.0,1730.6431182905076,576.8810394301692,0.9991475458767358,1.9808707423309464,28.78646390681409,0.0,2301.339164607777,575.3347911519444,0.996469471773225,-3.292515018594941,23.51307814588821,0.0,2878.107201086374,575.6214402172748,0.99696594277951,-1.6805177209999052,25.125075443483244,0.0,3454.5407393140795,575.75678988568,0.9972003659617245,-4.237918161207126,22.567675003276022,0.0,4052.331832247312,578.9045474639017,1.00265222526083,-7.950592068328877,18.855001096154272,0.0,4615.122940443099,576.8903675553873,0.9991637020212134,-9.406400523441896,17.399192641041253,0.0,577.3732236153023,2.0912290804620204,0.0036219710144635,8.0,0.05,0.0,0.0,1.1505327082969332e-06,4,01-09_gambiae
gambiae_female,sf2_data_final/2024-01-09_330026_gambiae_female/002/1_059.wav,6920.0,OK,0.0377324263038548,16.0,1411200.0,44100.0,2.0,2024.0,1.0,10.0,7.0,5.0,12.0,77.0,30.0,7.7,20.3,1010.9,416.0377358490566,390.2654867256637,430.6640625,430.6640625,419.98227199063103,0.0327997586457583,3.651752258785532,0.0348299319727891,435.773631744748,813.776693938337,81.49645240103295,1242.7588271669786,1166.4893435707793,1550.9045612166155,548.2869037535082,-0.0023806816278344,4.202023910677147,5.803690413364432,5.415842334285652,7.153091920360343,4.630792497957302,2.8355042406226576,3.646752843855662,6.438188657903737,7.186778108565104,4.964412667122602,2.728507746091181,1.1377531439435142,1.1087564873841225,1.0482232077728049,1.2574238614443631,1.494712100531302,2.876100121239897,2.830159220406936,1.6718069768925157,0.5109322359594834,0.5361898566720072,0.496504219050511,0.3587580972251332,0.3443771126924786,0.6889414188058471,0.9581631435339594,OK,442.7084090322344,442.7084090322344,1.0874706903563518,5.841165473989907,25.42954346752155,0.0,807.832578161463,403.9162890807315,0.9921815731781513,0.0,19.588377993531644,0.0,1238.989643530702,412.9965478435674,1.0144863567873474,-4.76057805760329,14.827799935928354,0.0,1553.4539359290206,388.3634839822552,0.9539776011000282,-4.22321428379788,15.365163709733764,0.0,1947.2112127126072,389.4422425425215,0.9566274679024795,-11.51912154511704,8.069256448414603,0.0,2442.5949846271105,407.0991641045184,1.0,-13.135465820881931,6.452912172649711,1.0,2789.139413699646,398.448487671378,0.9787504441278602,-5.905024062054622,13.683353931477022,0.0,3310.549508631528,413.8186885789409,1.0165058665477813,-10.205909933692716,9.382468059838928,0.0,407.0991641045184,17.30279479204051,0.04250265369643,7.0,0.05,0.0,0.0,2.4302761840562407e-06,1191.891891891892,390.2654867256637,86.1328125,215.33203125,86.1328125,0.0277402823634113,2.992649785476584,0.0348299319727891,41.99434089621298,434.49320504336094,813.3256991515,1242.905828516822,1166.235910736573,1550.9972138529458,560.1595613755738,-0.0023806816278344,16.26339459487422,7.075412863444769,4.474265262309207,5.16744200266694,3.231986792902583,2.0594728085798994,2.747731176377781,4.734016298945304,5.143793655062633,3.536913904687879,1.9066948258768253,0.772926605026024,0.6775657799724653,0.7191088820119099,0.8576719213960025,1.101595134136106,2.0034369517802366,1.90417391729244,1.092073239855888,0.3697415256479555,0.374529396600516,0.3377578852406461,0.2313271663046207,0.2152151464133669,0.4284178267873152,0.6550407391601095,OK,448.9974097339392,448.9974097339392,1.1114887859976346,0.5468959804756253,24.532965519968165,0.0,808.9937490610192,404.4968745305096,1.0013281374566678,0.0,23.98606953949254,0.0,1234.8121197117716,411.6040399039239,1.0189218572455228,-5.462834359954613,18.523235179537927,0.0,1552.5633489173092,388.1408372293273,0.9608389238231286,-6.299329010414496,17.686740529078044,0.0,1951.6609133619,390.33218267238,0.9662635784723468,-12.650475067045218,11.335594472447324,0.0,2311.8737596895503,385.3122932815917,0.9538368903805026,-10.3955768376984,13.59049270179414,0.0,2791.8721611851893,398.8388801693128,0.9873218266241962,-13.731729012990474,10.254340526502066,0.0,3231.68287716684,403.96035964585496,1.0,-23.98606953949254,0.0,1.0,403.96035964585496,20.343528297041296,0.0503602093900404,7.0,0.05,0.0,0.0,1.6245987633458124e-06,1191.891891891892,390.2654867256637,86.1328125,215.33203125,86.1328125,0.0166569258837756,0.7168097805114217,0.023219954648526,42.7300444762588,434.5592027612395,813.8589730942801,1242.392965076499,1552.7354395166176,1033.2082466218594,548.9796595227691,-0.0023806816278344,8.931630319560531,3.709844692879995,2.2460992148403216,2.3530933809706487,1.2777728552352057,0.9892545711637328,1.368902236691872,1.7256909380306502,2.2098486194420195,1.5904001167433366,0.7584637759159575,0.2465503522401201,0.2468532313653409,0.228323914609925,0.2744215266500949,0.2907935253882393,0.5579115791167597,0.5518078617293294,0.3443933120886013,0.119330089590453,0.1132097394933191,0.1219607776231299,0.098645838162336,0.0802212273550997,0.1482522687578402,0.193092866904908,OK,448.30306184874325,448.30306184874325,1.095751128851514,4.690404051904864,21.91047443210799,0.0,811.1437837229995,405.57189186149975,0.9913067657959124,0.0,17.220070380203126,0.0,1239.667688114019,413.222562704673,1.010006685395629,-2.8031335102911825,14.416936869911943,0.0,1556.632414739437,389.15810368485927,0.951187863085068,-3.2728134056267137,13.947256974576412,0.0,1958.5846027412588,391.7169205482518,0.957442173405912,-10.466249380404705,6.753820999798421,0.0,2454.771252585183,409.1285420975305,1.0,-15.398250971710873,1.821819408492253,1.0,2797.272948453652,399.6104212076646,0.9767356224010476,-9.052437053454284,8.167633326748842,0.0,3330.534662616174,416.31683282702176,1.0175697610649166,-9.187746239637512,8.032324140565613,0.0,409.1285420975305,18.54840342619708,0.0453363711343693,7.0,0.05,0.0,0.0,4.2790480410286153e-07,1,01-09_gambiae
gambiae_female,sf2_data_final/2024-01-09_330026_gambiae_female/002/1_015.wav,7944.0,OK,0.0435374149659863,16.0,1411200.0,44100.0,2.0,2024.0,1.0,10.0,0.0,4.0,7.0,73.5,32.0,0.0,28.2,1010.0,445.45454545454544,445.45454545454544,129.19921875,129.19921875,134.96545862227677,0.0522001956610537,2.1139270310687066,0.0348299319727891,427.95640747829214,865.6966569412645,81.82672401620357,1299.3539630581968,1807.928162675011,2280.964107119281,833.586261099659,-0.0030291720113432,3.919396971089757,13.597082863203532,8.007675128856102,12.13035112763609,6.812175651512139,3.325309821214916,3.6427872756783097,7.588848842887223,13.563847239598877,7.572014364737096,6.409647211461738,3.078618845341504,1.1915543399573432,1.4986597732299527,1.0179042664938571,0.374375286890311,0.7541843521268211,1.8542033583864888,3.261335719632949,3.0870964940354515,1.5773935093700926,1.120433015307564,0.8055329204919757,0.3047858491856995,0.3288550408930699,0.3470786077019952,OK,428.4015396259787,428.4015396259787,0.9612075654821364,6.895874260561605,41.34464858491756,0.0,877.5183919072881,438.75919595364405,0.9844471122669308,0.0,34.44877432435595,0.0,1308.7813783873294,436.2604594624431,0.9788406795225818,-5.181540394347071,29.26723393000888,0.0,1804.1862910439115,451.0465727609779,1.012016386545101,-10.879898593580975,23.568875730774977,0.0,2277.8600068571773,455.5720013714355,1.0221701227366629,-13.97879742460394,20.46997689975201,0.0,2712.624126536764,452.1040210894607,1.0143889908413684,-16.873988192012767,17.574786132343185,0.0,3118.1885107047765,445.4555015292538,0.9994716604645768,-21.78158212985891,12.66719219449704,0.0,3663.4282380288887,457.9285297536111,1.027457482140642,-23.65077516195975,10.797999162396202,0.0,445.6909776933506,9.702874724682095,0.0217704086694749,8.0,0.05,0.0,0.0,5.19250170327723e-06,1191.891891891892,445.45454545454544,86.1328125,430.6640625,86.1328125,0.0403110797844619,0.9883023747100024,0.0348299319727891,45.93932095309033,428.38771072504665,865.4793677246266,1299.100784759827,1807.235925645689,2279.9369614131742,842.2033667761958,-0.0030291720113432,16.164785365532847,12.627849009632548,6.1136536761300375,8.938797769250442,4.797434562680844,2.293026889728349,2.645643009579306,5.634223316993642,9.796042378235107,5.616619897849045,4.53997869134255,2.1715472896536614,0.8427457054221923,1.036846431390182,0.6701128735681049,0.2579497713968505,0.5164025161237609,1.2670051278370764,2.224283944237724,2.074536911273026,1.0139065190304914,0.719920127395392,0.564364579983273,0.1765843378081896,0.2499075054626976,0.2328958855885761,OK,433.4650607870253,433.4650607870253,0.96994144000192,4.44262826896459,40.68929747195779,0.0,875.9646986051747,437.98234930258735,0.980049533419491,0.0,36.2466692029932,0.0,1308.705189293158,436.2350630977194,0.9761397251074484,-6.346017952745822,29.90065125024737,0.0,1803.0636139085573,450.7659034771394,1.0086546046607456,-12.809245690772638,23.43742351222056,0.0,2276.0480544725133,455.20961089450265,1.018598049614576,-15.60088050175871,20.645788701234487,0.0,2717.954249516168,452.9923749193613,1.0136366599915043,-18.723982543579435,17.52268665941376,0.0,3166.0328245781534,452.2904035111648,1.012065896347325,-17.524275913742656,18.72239328925054,0.0,3649.95716401831,456.24464550228873,1.020914090856989,-22.54423127930236,13.702437923690836,0.0,446.8981764364737,8.741093058016437,0.0195594735420876,8.0,0.05,0.0,0.0,2.976520530258616e-06,1191.891891891892,445.45454545454544,86.1328125,430.6640625,86.1328125,0.0195898164413727,0.8960096896985327,0.0348299319727891,46.81138781483202,426.03628335664297,865.4512595825518,1299.533239532993,1808.772733762229,1728.1815405855548,710.6470822582796,-0.0030291720113432,8.84277215128285,6.466761403109863,2.850380939755759,3.946519268405756,1.9407405408160736,0.7210182868960956,1.1409590494294082,2.7950981349655866,4.134277021893464,2.209948770409868,1.841689926470049,0.8975671283005283,0.2953946511688228,0.3131468274969509,0.2296462757842656,0.0925917852266904,0.1991612455119868,0.3577959108782393,0.6376414714168602,0.6144758408597354,0.3257548131111358,0.2230967194553232,0.1731463377618918,0.0972959807279682,0.1154622061859863,0.1190784039456077,OK,429.8292124016952,429.8292124016952,0.9687565070410136,9.214103410015348,37.37264527233997,0.0,875.3932854764545,437.6966427382272,0.9864882574951556,0.0,28.158541862324626,0.0,1307.534479385603,435.8448264618676,0.982314601969176,-6.572989220459821,21.585552641864805,0.0,1803.8641088148247,450.9660272037062,1.0163950255194478,-10.64885736438876,17.509684497935865,0.0,2279.5504400917325,455.9100880183465,1.0275380352246914,-11.673963091940363,16.48457877038426,0.0,2720.501750079049,453.4169583465082,1.0219189764850698,-12.50319606692602,15.655345795398606,0.0,3156.63118447442,450.9473120677743,1.016352845022657,-14.870385383700004,13.288156478624622,0.0,3479.379661348349,434.9224576685437,0.9802357512427876,-19.535970552413907,8.622571309910718,0.0,443.69169061333366,9.460521310909913,0.021322286423332,8.0,0.05,0.0,0.0,6.916299753356725e-07,1,01-09_gambiae
gambiae_female,sf2_data_final/2024-01-09_330026_gambiae_female/002/1_011.wav,6920.0,OK,0.0377324263038548,16.0,1411200.0,44100.0,2.0,2024.0,1.0,9.0,23.0,28.0,1.0,73.7,32.0,0.0,23.5,1010.6,531.3253012048193,506.8965517241379,516.796875,516.796875,523.6293804759017,0.0390655524536898,2.6454199327238204,0.0348299319727891,521.5586352170537,1067.8183508240384,1595.37826747574,2070.711181074717,43.917523451046,2583.0886961580345,955.4108528938208,-0.0030627088573524,0.172579628635866,7.037029794843455,6.978207767925043,1.031919761500223,9.221220951394422,2.058024999655564,2.42727099750451,0.7977312945324575,0.7641800717391101,4.088789366347118,9.730492125662895,6.806646024806177,2.0330859100259366,0.4230818903909935,0.2737355263953732,0.3004470605068001,0.501449731176704,0.5473769311620607,0.2094347195460702,0.1571920074568746,0.3763664577014036,1.0192916177208122,2.5538169363608314,2.5053780825329484,1.210192608065679,0.418883933917243,OK,526.201844461068,526.201844461068,1.0230936965992914,8.117736700708178,52.12475329000736,0.0,1053.9883547991335,526.9941773995669,1.0246342287040702,0.0,44.00701658929918,0.0,1596.0312172192312,532.0104057397438,1.0343872762267257,-11.154216639404268,32.85279994989491,0.0,2067.660826947133,516.9152067367834,1.0050376965713024,-18.350070919707623,25.65694566959155,0.0,2573.142840926879,514.6285681853758,1.000591787624058,-25.203134996853883,18.803881592445293,0.0,2958.276532810169,493.0460888016949,0.9586289954999764,-28.67314167110971,15.333874918189466,0.0,3433.3116377671818,490.4730911095974,0.9536263187745736,-29.33471780998935,14.672298779309829,0.0,4114.593579924379,514.3241974905474,1.0,-40.44290045337268,3.564116135926497,1.0,514.3241974905474,15.319679249202792,0.029786036363736,7.0,0.05,0.0,0.0,3.45639217322549e-06,531.3253012048193,525.0,516.796875,516.796875,523.2911024004345,0.0297523529084044,2.1468221680874784,0.0348299319727891,521.3043719141169,40.585527274777824,1067.796352450284,1595.7733527486514,2071.7293263843094,2590.034641848651,958.3714983111462,-0.0030627088573524,2.3795164967196185,4.9614036806700375,4.914309721482423,0.7268735824300093,6.379710861978198,1.4249693481282433,1.6106327479517693,0.527374091230319,0.5427743146995772,2.884399232194104,6.754562023306751,4.677907718059583,1.386510974502056,0.3105410075999493,0.2189383682822269,0.1692113694641878,0.3307003383885606,0.3766925038882626,0.1395243584859032,0.098512725514958,0.2568086072075429,0.6747697734563334,1.7585994712928588,1.714960512355452,0.7937546617829508,0.2326385396281617,OK,525.780285133188,525.780285133188,1.0082816639483296,8.297263692378912,47.817017456843686,0.0,1054.248133143408,527.124066571704,1.0108586152398116,0.0,39.51975376446477,0.0,1598.1501184482293,532.7167061494098,1.02158354369133,-10.45603993431682,29.06371383014796,0.0,2078.7290961950507,519.6822740487627,0.9965875914681828,-15.931710558984012,23.58804320548076,0.0,2593.8786106301845,518.775722126037,0.9948491092410108,-21.23333650973688,18.2864172547279,0.0,3077.0274041191155,512.8379006865192,0.9834622302526737,-25.625771882030392,13.893981882434382,0.0,3605.759535458032,515.1085050654332,0.9878165372247576,-31.77334354256624,7.746410221898536,0.0,4157.346046690793,519.6682558363491,0.9965607089339044,-30.13640219408708,9.383351570377698,0.0,521.4617144521753,6.181808113992739,0.011854768898014,8.0,0.05,0.0,0.0,1.899003109429032e-06,531.3253012048193,525.0,516.796875,516.796875,523.2023461067472,0.0146259242705724,2.336843343991371,0.0348299319727891,40.353680312830434,520.8679794645279,1044.756084819689,1595.8177348377044,2108.022685099405,2617.0486641703446,972.7536641921996,-0.0030627088573524,1.2096984583964328,2.125599557653431,2.0753199097881807,0.3224169142390112,2.4098316190486684,0.5652321667648187,0.4243423181837663,0.1774013037587496,0.2505886254160573,1.1798474748102654,2.49127770846898,1.781187996592809,0.565007544769591,0.1360483612905011,0.0720966846107683,0.101458712679873,0.1362902496522747,0.1354090977273664,0.0987255605067877,0.054156246098477,0.0903444267459386,0.2006615174489295,0.4474336601225247,0.441816457571223,0.2367359009141709,0.1150229550971997,OK,526.9592440307388,526.9592440307388,1.0146571706781535,8.676403741616518,44.92063487144132,0.0,1055.8435843321352,527.9217921660676,1.0165105519001314,0.0,36.2442311298248,0.0,1595.5186966451956,531.8395655483986,1.0240542033314408,-6.918195193087854,29.32603593673695,0.0,2077.140799479718,519.2851998699296,0.9998808402046498,-13.583716986533268,22.660514143291536,0.0,2599.7986758228144,519.9597351645629,1.0011796542615776,-15.247034784425333,20.99719634539948,0.0,2958.1211473097483,493.02019121829136,0.9493077082818444,-17.875704764457787,18.368526365367018,0.0,3431.589342300933,490.2270489001333,0.943929527874256,-17.46942417172539,18.77480695809941,0.0,4364.511235203071,545.5639044003839,1.050480343467947,-22.21709720297876,14.027133926846048,0.0,519.3470851623132,17.735258901626942,0.0341491449712942,8.0,0.05,0.0,0.0,4.232473516962133e-07,1,01-09_gambiae
gambiae_female,sf2_data_final/2024-01-09_330026_gambiae_female/002/3_028.wav,6408.0,OK,0.0348299319727891,16.0,1411200.0,44100.0,2.0,2024.0,1.0,10.0,2.0,55.0,23.0,72.9,32.0,0.0,34.2,1009.4,648.5294117647059,648.5294117647059,645.99609375,645.99609375,639.7212720971879,0.0419825236929801,4.855197975188825,0.023219954648526,607.0330378130344,1293.3704546635142,175.50950036399314,1933.5805923864657,2667.533904811451,3308.420291269073,1204.4933478793166,-0.0027495571386915,2.88517541442319,2.977169684411029,4.568250560776752,4.745376326841695,2.8565857539370643,4.761777189701874,3.449870220404581,1.8501327046326244,2.0050695025456537,1.5805058594677124,1.5278825246213348,2.5923370565491624,4.325362506032823,5.398426203079291,3.442794019546008,1.960670545507573,1.222100712493729,0.7801744147596446,0.4924087899212902,0.550720006039644,0.826203318123037,0.6209361300917352,0.5066933153953296,0.3478400385142298,0.3454061802129295,0.4753242219685126,OK,627.1306963454476,627.1306963454476,0.9658424879175526,-4.0449967482835305,28.352478427507528,0.0,1311.97782758694,655.98891379347,1.0102869596987751,0.0,32.39747517579106,0.0,1918.9145427146368,639.6381809048789,0.9851052350209366,-6.259334276006456,26.1381408997846,0.0,2663.036450574349,665.7591126435873,1.0253340196176033,-10.12830113747492,22.269174038316137,0.0,3297.909961339169,659.5819922678338,1.015820651277238,-17.29670180226953,15.100773373521529,0.0,4065.170909281024,677.5284848801706,1.043460001695106,-14.350679918072718,18.04679525771834,0.0,4562.887492194516,651.8410703135023,1.0038988758599037,-21.092800890981128,11.30467428480993,0.0,4936.059955918619,617.0074944898274,0.9502517689128844,-17.59312619119231,14.804348984598748,0.0,649.3094932048398,18.88220618276093,0.0290804406532896,8.0,0.05,0.0,0.0,3.4219471369093903e-06,668.1818181818181,658.2089552238806,86.1328125,172.265625,86.1328125,0.0325353922316643,1.3126520606285976,0.023219954648526,37.7745072264937,606.7888523440959,169.95013170431127,1293.7406361377953,1933.9244057915687,342.84705175714646,738.2592566760841,-0.0027495571386915,8.928559816752161,3.121242166778835,4.034311342249257,3.7232086159709374,2.116037886839919,3.267411054986119,2.417014192459294,1.296465125786967,1.373381772061369,1.0842031634158509,1.048820803984332,1.8075877074976776,2.968813008244109,3.711512187195059,2.3632407858438595,1.3242883199496658,0.8303514886477015,0.5171007689164359,0.3581059379645559,0.3824629265572826,0.5561341435177135,0.4335013152071625,0.3660009156878508,0.2692192401751836,0.2570594998527165,0.32211960148584,OK,623.4502731225825,623.4502731225825,0.94936160926026,-2.8467152784556724,25.53579949529322,0.0,1317.065301036977,658.5326505184885,1.0027834517023828,0.0,28.38251477374889,0.0,1925.362586216808,641.787528738936,0.9772847448363592,0.2488654594342421,28.631380233183133,0.0,2653.2970199991137,663.3242549997784,1.010079888222512,-2.862392737531096,25.5201220362178,0.0,3305.9611715880624,661.1922343176125,1.006833344475471,-11.49479277447796,16.88772199927093,0.0,4023.5713912639903,670.5952318773317,1.0211517998198798,-9.719038438218115,18.66347633553077,0.0,4746.357269358991,678.051038479856,1.0325051616831349,-12.270907985341116,16.111606788407776,0.0,5253.637956633813,656.7047445792266,1.0,-15.262386769102203,13.120128004646688,1.0,656.7047445792266,17.08921892154791,0.0260226822824274,7.0,0.05,0.0,0.0,1.9348274994020662e-06,1191.891891891892,648.5294117647059,86.1328125,172.265625,86.1328125,0.0158250727377664,1.5528396817498744,0.023219954648526,38.34804536653356,170.51225638831872,605.790509127608,1293.3923329704803,1900.104164526685,2667.973745707416,1036.3820298644362,-0.0027495571386915,5.302236582254817,2.0176642410325263,2.1381004412182576,1.836813523359584,1.0120001745211469,1.2259545135327017,0.8167538143680696,0.4405232317699036,0.4122762219334193,0.3806293769417057,0.410083596996743,0.6830475731274006,1.0152011535242005,1.2087291858334304,0.7560741472353297,0.4142242070511429,0.2660713004556697,0.1991891300709705,0.1438178594771959,0.1663630654943544,0.2168193817070292,0.183107360124604,0.1512124739113134,0.1124656853638912,0.0930984860268504,0.1028454115541764,OK,623.5887169847784,623.5887169847784,0.9459229346355424,0.1914278942543958,24.07697668217129,0.0,1305.9553647341966,652.9776823670983,0.99050311324231,0.0,23.885548787916896,0.0,1913.057570409604,637.6858568032013,0.9673069133763504,0.7029222960022175,24.58847108391912,0.0,2662.736089708956,665.6840224272389,1.009777385131451,-0.3052665369667906,23.580282250950106,0.0,3297.253506237091,659.4507012474182,1.0003220481403463,-8.56218034953659,15.323368438380308,0.0,4024.263247342223,670.7105412237038,1.0174021212458937,-2.558008976308244,21.32753981160865,0.0,4931.998695294817,704.5712421849738,1.0687654842281058,-4.56617707256293,19.319371715353967,0.0,5273.907157986758,659.2383947483447,1.0,-9.716481235014465,14.169067552902431,1.0,659.2383947483447,23.913165315165102,0.0362739268611526,7.0,0.05,0.0,0.0,4.370258466224186e-07,3,01-09_gambiae
gambiae_female,sf2_data_final/2024-01-09_330026_gambiae_female/002/1_038.wav,7432.0,OK,0.0406349206349206,16.0,1411200.0,44100.0,2.0,2024.0,1.0,10.0,3.0,50.0,2.0,72.1,32.0,0.0,32.5,1009.5,595.9459459459459,588.0,602.9296875,602.9296875,596.7799190694532,0.0682050062560217,3.377938454433404,0.0348299319727891,1196.5812038370757,564.4922771705527,2412.8943977422027,76.7052918853141,1812.674740281101,1326.2276917963825,839.2972685121841,-0.002506648196528,1.0330609828520794,3.431439382824533,4.680755133513981,3.471837452280606,3.2406717753127667,9.649585761151991,1.9644778695560303,5.358058656398263,1.198416511283205,1.1552238335678753,3.219258729084684,7.232738152075689,11.63190158370893,3.715469488734925,1.7998286608537168,0.5778211914572812,0.5729823763072239,1.072144234878803,0.4974967056918937,1.0014222426273318,0.2633709598478936,0.3375462910870466,0.2978436099358528,0.5396885078948404,2.192740257086049,5.400160918284207,OK,572.2300951671598,572.2300951671598,0.9579686833808312,-3.394832707209673,41.1767679412103,0.0,1188.5585942995035,594.2792971497519,0.9948811861856538,0.0,44.57160064841997,0.0,1815.2010680331955,605.0670226777318,1.0129408850864847,-13.669636380012877,30.9019642684071,0.0,2414.5176551362083,603.6294137840521,1.0105341883560504,-7.645292977493334,36.92630767092664,0.0,3019.527936424516,603.9055872849033,1.0109965295842198,-21.211103225104736,23.36049742331524,0.0,3616.099846455944,602.6833077426573,1.0089503150741868,-20.73561330931082,23.83598733910916,0.0,4201.11011426388,600.1585877519829,1.0047236889218778,-29.275607049216585,15.295993599203392,0.0,4773.938550778011,596.7423188472513,0.9990045234106956,-24.35914148674913,20.212459161670843,0.0,597.3369538006863,10.118660282683033,0.0169396187835037,8.0,0.05,0.0,0.0,9.054534270295075e-06,1191.891891891892,588.0,86.1328125,602.9296875,86.1328125,0.0496141994669655,1.177253085716695,0.0348299319727891,36.32051831049876,1196.7788827878417,564.3975636993664,2412.247342439889,1813.349092670774,1327.4568858097357,850.453901213996,-0.002506648196528,11.947291353380097,4.571523133203833,3.405904758877729,2.478617034347206,2.297095744454742,6.621782992766463,1.3135953405509104,3.582344038468833,0.835236467020964,0.816387370932003,2.2422779297856192,4.964704745539915,8.019580369404004,2.5062804941097787,1.1972246021008537,0.3735757679704307,0.3875975874560725,0.7899155719862747,0.3295964692269721,0.7384140003697277,0.177998807122073,0.2166588249229724,0.2023337804754715,0.350432267396888,1.448830016258374,3.5986673856431675,OK,572.5621895645928,572.5621895645928,0.9584536656888047,-3.3825552006376896,39.640479515861664,0.0,1188.8730070678912,594.4365035339456,0.995070677413413,0.0,43.02303471649935,0.0,1816.063548348884,605.3545161162946,1.0133471360624666,-13.0596786984557,29.96335601804365,0.0,2413.048688950107,603.2621722375268,1.0098446088312998,-6.487635603885941,36.53539911261341,0.0,3024.2027638805075,604.8405527761015,1.0124867752904565,-21.460818534239174,21.56221618226018,0.0,3619.486907970509,603.2478179950848,1.0098205802165263,-21.0280213672037,21.99501334929565,0.0,4190.352937253486,598.6218481790694,1.002076831487856,-26.625444776123608,16.397589940375745,0.0,4773.791236288487,596.7239045360609,0.998899725009177,-18.50105948185186,24.52197523464749,0.0,597.3811881173345,10.092351784814374,0.0168943247386492,8.0,0.05,0.0,0.0,4.709907703467512e-06,1191.891891891892,588.0,86.1328125,602.9296875,86.1328125,0.0197650271272006,0.9471689458540984,0.0348299319727891,36.646932372437085,563.240191179676,1196.3460672293938,2413.3976041655965,1812.9964109201308,3618.567339941224,1301.0145748856182,-0.002506648196528,6.345349464875248,2.215584784160581,1.4082030029264332,0.8840071851807039,0.9134714809289544,2.00229816985872,0.4656120340679206,0.9667124700116706,0.2942732506108537,0.3460122648406184,0.8924056680122927,1.7514921942898385,2.510250464643204,0.874567235245659,0.4336940973832516,0.1539373422837144,0.1764070220555055,0.309807552511292,0.1468948802176591,0.2898383337195388,0.1067718887508406,0.1206599168187669,0.1027540574165781,0.1163604124980862,0.3958508670616278,0.9605539630987632,OK,569.0998068273175,569.0998068273175,0.953311367704148,-1.1822766078633364,33.08734930140225,0.0,1188.0166267981415,594.0083133990709,0.995036144593048,0.0,34.269625909265585,0.0,1816.3225704159536,605.4408568053179,1.014187044769427,-12.689607818546506,21.58001809071908,0.0,2415.568396568321,603.8920991420804,1.0115926873852374,-3.6572722506832704,30.612353658582315,0.0,3021.3705728211776,604.2741145642356,1.0122326096628589,-12.326854847875452,21.942771061390133,0.0,3619.93543540748,603.3225725679133,1.0106386611303528,-9.196849104705043,25.07277680456054,0.0,4195.791279183873,599.3987541691247,1.0040657882537558,-15.827323410538124,18.44230249872746,0.0,4770.68988094271,596.3362351178388,0.9989356965011728,-11.159509874848112,23.11011603441748,0.0,596.9715940741123,11.209348100821696,0.0187770209036614,8.0,0.05,0.0,0.0,7.269148097423437e-07,1,01-09_gambiae
gambiae_female,sf2_data_final/2024-01-09_330026_gambiae_female/002/3_043.wav,6408.0,OK,0.0348299319727891,16.0,1411200.0,44100.0,2.0,2024.0,1.0,10.0,4.0,36.0,30.0,69.5,32.0,0.0,30.6,1009.8,658.2089552238806,668.1818181818181,645.99609375,645.99609375,655.0362814594736,0.0634874514375201,3.676281855615234,0.023219954648526,649.0411217606369,1327.3679056351818,2022.2447427859984,2672.413784305101,83.99261000546458,3404.482588342599,1249.7413703642292,-0.0019836799435639,0.7738998370269893,0.6935579370140031,5.348310391312072,6.024423425072796,0.944172050532822,4.373346052154512,6.21136319896272,0.8814431260706499,2.581658804637124,0.9814656977673616,0.9596387433311496,1.4269571772013347,4.3832797454286805,8.832744755609585,7.014587415326687,2.473762314523773,0.7524555728025375,0.2375584733934231,0.3782314326595482,0.6251620308226227,0.5608410644012332,0.7743272099843297,0.6613568877424959,0.2584165584274873,0.2564006686446062,0.3080461925797536,OK,654.9443360532747,654.9443360532747,0.9788880054482628,5.948182459053015,45.76525881834877,0.0,1319.2113398738038,659.6056699369019,0.9858548934368948,0.0,39.81707635929576,0.0,2023.2950660296444,674.4316886765481,1.008014046686844,-6.724338192967245,33.09273816632851,0.0,2677.932246905406,669.4830617263515,1.0006177668836225,-4.028263692090128,35.788812667205626,0.0,3410.8994565189378,682.1798913037876,1.0195946073514233,-13.098231698571595,26.71884466072416,0.0,4042.6424875165767,673.7737479194294,1.0070306801929525,-15.393165314873343,24.42391104442241,0.0,4683.488128219009,669.0697326027156,1.0,-26.637818804504576,13.179257554791178,1.0,5352.557860821725,669.0697326027156,1.0,-19.112184790457576,20.70489156883818,1.0,669.0697326027156,9.237791447731908,0.0138069187673404,6.0,0.05,0.0,0.0,6.4755992449742434e-06,668.1818181818181,668.1818181818181,86.1328125,645.99609375,86.1328125,0.0456452366516237,1.4835719753181873,0.023219954648526,39.40404957978228,649.0141690301894,1327.1681346998416,2021.3458573374048,2672.938063944813,3402.076679731335,1260.698073614631,-0.0019836799435639,6.478154149858406,1.5553235370255416,3.7963841279171553,4.10677820634463,0.6345942943099082,2.935185718104599,4.168816738357898,0.5649364169952413,1.7176284550938177,0.6419674344767909,0.6041689312825907,0.957534171026541,2.938896815877571,5.990136259375141,4.721986185802948,1.6633812266835608,0.4734327588829152,0.160777270472312,0.2482242593651818,0.4052016436621032,0.3449974152642008,0.5349798263449457,0.4294918414737426,0.1844406302804689,0.1807130822821747,0.1750057083568849,OK,656.1615686645454,656.1615686645454,0.9815202741123245,4.519295528759571,47.20800747012918,0.0,1318.737920979931,659.3689604899655,0.9863180560215562,0.0,42.68871194136961,0.0,2017.375566927176,672.4585223090587,1.0058980968502729,-7.610621188743252,35.07809075262636,0.0,2678.872916925948,669.718229231487,1.001799025308914,-6.118948595163921,36.56976334620569,0.0,3402.553177919222,680.5106355838444,1.017942862661133,-13.138821132234984,29.549890809134627,0.0,4037.252404297986,672.875400716331,1.0065216850457994,-16.43945473722276,26.24925720414685,0.0,4679.608869827771,668.5155528325387,1.0,-25.61541141506376,17.073300526305854,1.0,5348.124422660309,668.5155528325387,1.0,-27.2457827108934,15.442929230476214,1.0,668.5155528325387,8.32831314350916,0.0124579198018978,6.0,0.05,0.0,0.0,3.3261882587491223e-06,678.4615384615385,668.1818181818181,86.1328125,645.99609375,86.1328125,0.0182968107897446,1.2591200387142505,0.023219954648526,39.728963573566304,648.0814059420254,1327.9869233092866,2672.19321814163,2023.9444021648253,3401.636740764586,1260.622752631652,-0.0019836799435639,3.4900279371910106,0.9304066322732568,1.4005125898190642,1.4967255373896673,0.2283011091000263,1.0445518024443463,1.3614383418164049,0.2079303654578876,0.4854667426348139,0.2128967625228635,0.2588440320702967,0.3648016694978242,1.045292437771802,1.9312297701465384,1.5805105414684042,0.551300955364488,0.1861613446070284,0.0797203252350674,0.1446464968378883,0.2066006405868572,0.1632593470194733,0.2087006838145911,0.2052206249657805,0.1058825519931851,0.1160221045186293,0.0976116480398363,OK,652.6339047678443,652.6339047678443,0.9756542577925572,7.57605699783732,40.69771112646583,0.0,1320.8469332605116,660.4234666302558,0.9872992537725068,0.0,33.12165412862851,0.0,2032.8861772701243,677.6287257567081,1.0130202348623856,-2.622659819592986,30.498994309035528,0.0,2676.0136515949125,669.0034128987281,1.0001258339536945,3.4056555939357125,36.52730972256423,0.0,3400.249113666516,680.0498227333032,1.0166396508266604,-4.493714739173669,28.627939389454845,0.0,4042.656648536335,673.7761080893891,1.0072607687921946,-7.7215466960890815,25.400107432539432,0.0,4682.434681022267,668.9192401460381,0.9999999999999998,-16.206969372374182,16.91468475625433,1.0,5351.3539211683055,668.9192401460382,1.0,-16.809016948516515,16.312637180112,1.0,668.9192401460382,9.667226210393912,0.0144520080006719,6.0,0.05,0.0,0.0,5.600015053156918e-07,3,01-09_gambiae
gambiae_female,sf2_data_final/2024-01-09_330026_gambiae_female/002/1_042.wav,6408.0,OK,0.0348299319727891,16.0,1411200.0,44100.0,2.0,2024.0,1.0,10.0,4.0,29.0,26.0,72.0,32.0,0.0,31.2,1009.7,580.2631578947369,565.3846153846154,129.19921875,129.19921875,131.27049504277923,0.0396677335912486,2.3026929637716886,0.023219954648526,562.9797090855631,89.44175005422541,1161.6136400685891,1765.023118048095,2287.535295594554,2364.352384387175,929.6415475300392,-0.0025652560465867,4.730943851572697,5.528968125554509,4.870995977315904,3.5192887571513305,3.5732104074267674,4.683773610445895,1.7027053446304594,1.8159122854829053,1.359786756387773,1.525992616391462,2.985209135995164,4.821813307206289,4.751255000731957,2.5844638416187227,1.1520885055326684,0.6632892666556617,0.4054176960166328,0.3333393782593763,0.6006131324070986,0.5576449872101972,0.2115703711846351,0.3268494515617676,0.4195447194499727,0.8447184725560803,1.2532561128082629,1.4082080451161345,OK,590.0073532850919,590.0073532850919,1.015291602508963,-2.2370101434301795,27.20512621999503,0.0,1169.0936220811916,584.5468110405958,1.005895037101577,0.0,29.44213636342521,0.0,1764.1851617964717,588.0617205988239,1.0119435348672023,-1.9179852389013696,27.52415112452384,0.0,2294.086467954329,573.5216169885823,0.9869227533245776,-10.19064297881907,19.25149338460614,0.0,2911.487047071824,582.2974094143649,1.0020242402902044,-13.872154243467111,15.569982119958098,0.0,3409.749437570264,568.2915729283774,0.977922831907476,-18.89574001987181,10.5463963435534,0.0,4067.847564965142,581.1210807093059,1.0,-24.315013160790603,5.127123202634607,1.0,4648.968645674448,581.1210807093059,1.0,-20.719381084222416,8.722755279202794,1.0,581.1210807093059,7.77395028965003,0.0133775052182951,6.0,0.05,0.0,0.0,2.571766647937087e-06,1191.891891891892,565.3846153846154,86.1328125,301.46484375,86.1328125,0.0353271779988912,0.6041488609970849,0.023219954648526,41.441090420353085,562.7468131125893,1161.6182023184645,1764.8562961589407,2288.544527737572,2361.325163814005,942.5763590032468,-0.0025652560465867,20.924227958312382,10.678364698344584,4.351835812756142,2.6778786608303786,2.6854886514787,3.340423234212788,1.1719188033572552,1.257838230382872,0.941312987312762,1.0793144394536067,2.0847678866956163,3.335921688914575,3.2563816318790053,1.7240655572998118,0.7725897887837399,0.4552325017437235,0.2568568786771574,0.1964378253563553,0.4102236975678279,0.3824888131751874,0.1669291111375191,0.2143959406918479,0.2766292711525501,0.5447593790567609,0.837333726377662,0.9733128065126492,OK,593.8045109738727,593.8045109738727,1.021495739368405,-2.270659898354559,28.059750305241685,0.0,1166.7385716201045,583.3692858100521,1.0035444812570269,0.0,30.330410203596244,0.0,1767.1738417710037,589.0579472570012,1.0133304349225478,-0.1689389847986291,30.16147121879761,0.0,2295.4696318202377,573.8674079550594,0.9871988194011486,-7.500846742080057,22.829563461516187,0.0,2929.0634776606853,585.812695532137,1.0077477713542131,-9.07761775692336,21.252792446672885,0.0,3442.7582005950026,573.7930334325005,0.9870708761866605,-12.36056495807027,17.969845245525974,0.0,4116.563874170341,588.0805534529057,1.011649067421767,-17.441497445119424,12.88891275847682,0.0,4501.48276440763,562.6853455509538,0.9679628100882316,-19.49882938392245,10.831580819673787,0.0,581.3088474955603,9.651900821724972,0.0166037397560832,8.0,0.05,0.0,0.0,1.8724652666909e-06,1191.891891891892,565.3846153846154,86.1328125,301.46484375,86.1328125,0.0175297424331022,0.5534942139294996,0.023219954648526,42.38408605600228,560.9638326718169,1161.8923692443216,1766.8662693238148,2923.824260695251,2287.404482544949,1079.654512792156,-0.0025652560465867,11.735766147547617,6.263324628449978,2.3209779871941403,1.262324969643417,1.1890947296814398,1.2415178540571885,0.4263584704907788,0.4105006027166452,0.3289554923733001,0.4671356377673399,0.8352055196248608,1.153768767472455,1.1116873363596118,0.624112179944213,0.2731703457628605,0.1936029671554414,0.1129348818814117,0.0947076928475596,0.1504132913645904,0.15071278649109,0.0653989631170264,0.0943055220119334,0.0930771244727213,0.1710405698519025,0.2387629310509526,0.2617843099729018,OK,590.320176138673,590.320176138673,1.0171474360595796,2.831348646626097,25.334886270454657,0.0,1158.5164569853196,579.2582284926598,0.9980872173159728,0.0,22.50353762382856,0.0,1771.706402696112,590.568800898704,1.0175758273757305,-2.991223900037447,19.51231372379112,0.0,2360.846544643296,590.2116361608239,1.0169604169390385,-6.936889199012111,15.56664842481645,0.0,2914.585309881404,582.9170619762808,1.0043915471479246,-5.088180171533164,17.415357452295396,0.0,3426.40222816178,571.0670380269634,0.9839734385273894,-11.371371719829884,11.132165903998676,0.0,4097.400593114741,585.3429418735344,1.0085714441214957,-12.263776889822434,10.239760734006126,0.0,4426.087140559165,553.2608925698956,0.9532926725128702,-12.10299018179106,10.4005474420375,0.0,580.3683470171918,12.0092768518084,0.0206925083242912,8.0,0.05,0.0,0.0,4.9161387020528e-07,1,01-09_gambiae
gambiae_female,sf2_data_final/2024-01-09_330026_gambiae_female/002/3_012.wav,6408.0,OK,0.0348299319727891,16.0,1411200.0,44100.0,2.0,2024.0,1.0,9.0,23.0,31.0,24.0,73.8,32.0,0.0,23.6,1010.6,630.0,648.5294117647059,645.99609375,645.99609375,632.6038717535095,0.0404257197962445,2.705624861782004,0.023219954648526,637.7593250122139,1252.8844448605191,1886.2109968919567,2531.1227699584474,3145.572108775922,43.69404922294461,1166.5696909173878,-0.0030830094977974,0.1311046826126166,0.2437872322493374,2.414041418437343,5.174076252572561,0.266304013596732,5.362948433588793,2.40947777671946,0.3086102827045677,1.2916486696536822,0.4259843354796118,0.2438890486146261,1.675658642044224,5.491753457593657,6.42631354137772,2.4169800577967098,0.3250858542731246,0.205735376669658,0.2253564231517161,0.2137499073148762,0.194914976470613,0.3646691880002784,0.1034354058024795,0.1571363719970509,0.1248431333966527,0.1511327658369949,0.2313419046627898,OK,630.403338300378,630.403338300378,0.9966603909117908,8.814638179087325,53.96853580915102,0.0,1256.8597045941606,628.4298522970803,0.993540332352443,0.0,45.153897630063696,0.0,1877.9825503333168,625.9941834444389,0.9896895680507342,-14.039431112722582,31.11446651734112,0.0,2520.850399816565,630.2125999541413,0.9963588357911682,-13.145304334899215,32.00859329516448,0.0,3147.6601154591326,629.5320230918265,0.9952828516387542,-18.11281486426556,27.041082765798134,0.0,3780.99283995297,630.165473325495,0.9962843291360232,-24.75889336327227,20.395004266791425,0.0,4570.106686582166,652.8723837974522,1.0321836921190863,-24.91955635891199,20.234341271151703,0.0,5060.1255476695,632.5156934586875,1.0,-26.198686388046376,18.95521124201732,1.0,632.5156934586875,8.433023012879218,0.013332511904592,7.0,0.05,0.0,0.0,2.624058955310223e-06,630.0,630.0,645.99609375,645.99609375,632.5396105632283,0.0302659569791277,2.889187807205527,0.023219954648526,637.7462271098665,1252.8930933483832,2505.608083534949,1885.718526146858,3144.384130195928,3789.9363477940433,1178.9429381119462,-0.0030830094977974,1.599107021798416,0.3377539170793859,1.7741133884202982,3.5214491610910983,0.2189580191372136,3.6698061414214633,1.6614171868822054,0.2266576955999431,0.8367757988823353,0.2380882203027548,0.1435580021445067,1.1231857026716483,3.722926280712205,4.35316106098022,1.622879779346024,0.2234614225093148,0.1629245032237032,0.1385184894651193,0.10454084658456,0.1118754901943841,0.2480274680167757,0.0629385348994598,0.1113687959407958,0.0648126923670137,0.0621856242399757,0.142448864211787,OK,632.2695305467073,632.2695305467073,1.011589996644082,3.905126178959442,45.39268885657675,0.0,1256.7697073490508,628.3848536745254,1.005374767103136,0.0,41.487562677617305,0.0,1877.3767194541567,625.7922398180524,1.0012267540870714,-14.866877227597964,26.62068545001934,0.0,2518.883953218541,629.7209883046353,1.0075124953356198,-9.218073648406488,32.26948902921082,0.0,3145.054948714555,629.010989742911,1.0063765439604984,-8.642662832578146,32.84489984503916,0.0,3790.04813884097,631.6746898068283,1.0106382902704762,-14.32374603905669,27.16381663856061,0.0,4412.715495186774,630.3879278838249,1.008579555148056,-18.333929912912865,23.15363276470444,0.0,4743.70142559122,592.9626781989025,0.948701597451061,-25.29095749234235,16.196605185274954,0.0,625.0254872470483,12.26413859732239,0.0196218215857729,8.0,0.05,0.0,0.0,1.4892902981955558e-06,630.0,630.0,645.99609375,645.99609375,631.5683945917218,0.014569182611117,3.9362314302084576,0.023219954648526,637.136411101627,1252.8433077902291,2530.965074633046,1885.9530587571537,3148.5882074154133,436.47301340021977,1070.8690847222556,-0.0030830094977974,0.8348288869338542,0.1720762152701279,0.6175908411972691,1.2771746101884742,0.0829136550750094,1.2523733313750585,0.5887317737044324,0.0672072171068819,0.2772064226169664,0.1216229318707354,0.0922149034847798,0.4369398054764501,1.277979859442714,1.4489301639685794,0.5837519549150368,0.0844419632257118,0.0621064102467833,0.1020597757204816,0.0959240953653052,0.062970348722842,0.1164552016635537,0.0528620452837426,0.0716771265674655,0.0555734613116072,0.0732779824227268,0.0586242061091032,OK,629.7998235964295,629.7998235964295,0.9962103525161664,11.947170895812969,39.91548777304981,0.0,1256.3968127334142,628.1984063667071,0.9936772485628544,0.0,27.968316877236845,0.0,1877.5544650316976,625.8514883438992,0.9899649197510156,-10.055897832516171,17.91241904472067,0.0,2519.9257366081165,629.9814341520291,0.9964976220720412,-7.63119663441466,20.337120242822184,0.0,3151.1503389946542,630.2300677989308,0.9968909080079006,-11.019985605431389,16.948331271805458,0.0,3766.031494243027,627.6719157071711,0.9928444514964188,-16.258307513444805,11.71000936379204,0.0,4575.453533357781,653.6362190511117,1.0339144975936028,-15.307015606498126,12.661301270738718,0.0,5057.564977161462,632.1956221451827,1.0,-17.679810078709863,10.28850679852698,1.0,632.1956221451827,8.871259906747204,0.0140324602006021,7.0,0.05,0.0,0.0,3.675618245324586e-07,3,01-09_gambiae
gambiae_female,sf2_data_final/2024-01-09_330026_gambiae_female/002/4_041.wav,11528.0,OK,0.0638548752834467,16.0,1411200.0,44100.0,2.0,2024.0,1.0,10.0,4.0,18.0,31.0,71.7,32.0,0.0,32.9,1009.5,639.1304347826087,630.0,645.99609375,645.99609375,642.7976763503148,0.0792534615227809,3.8845054739758256,0.0580498866213151,1279.9552880839024,641.7275405835333,2543.820119254935,1892.642515000398,54.3366417345752,3831.501626687751,1363.5766451372854,-0.002507356884767,0.5964975372952939,0.5866843541951869,3.147971286515601,5.200623550176971,0.6275001163523853,5.049814911389963,3.0350523614328564,0.6650456303376716,5.458291187283702,1.1468357642955842,0.4613697679562115,1.498248974578287,5.262638117121643,11.704513610157273,3.0151281683051896,0.839744763322318,0.3917489798244133,0.4094581831467733,0.8394972953039495,0.3495629635349487,1.149704710218561,0.3833263238141915,0.2572740165892018,0.2257121947031349,0.2698557798361808,0.5273997351463179,OK,639.4543773149225,639.4543773149225,1.0066539597977089,-2.460532389187364,42.96583038610726,0.0,1273.5074653173633,636.7537326586817,1.0024024999068142,0.0,45.42636277529462,0.0,1887.9771011891908,629.3257003963969,0.9907090025196634,-12.826778922225458,32.59958385306916,0.0,2544.9444950382453,636.2361237595613,1.0015876598393898,-11.196033333983124,34.2303294413115,0.0,3160.8981073772434,632.1796214754487,0.9952017561188194,-22.19776950824794,23.22859326704668,0.0,3825.23133017924,637.5385550298732,1.0036379978183545,-22.381708590137738,23.044654185156883,0.0,4445.735547777593,635.1050782539418,0.9998071239992504,-27.07555800219666,18.35080477309796,0.0,5081.820787301515,635.2275984126894,1.0,-29.380751055860003,16.045611719434618,1.0,635.2275984126894,3.177824149609964,0.0050026544148124,7.0,0.05,0.0,0.0,1.211628081033599e-05,648.5294117647059,630.0,86.1328125,645.99609375,86.1328125,0.056477732603665,1.8774940376161968,0.0580498866213151,42.57995357098888,1279.9815988138257,641.6674420797821,2543.793271074038,1892.3629841781665,3831.66970217534,1366.4815797246792,-0.002507356884767,9.097801840136318,1.2644827543719237,2.210353745810467,3.6083973304281134,0.4326418733648673,3.401982349954628,2.022247251918241,0.4463285066415339,3.609543178725353,0.7880602141619868,0.3129542374098923,1.029860333596898,3.565094668466145,7.945715918261053,2.020673881297692,0.5408430448501476,0.2673364527178445,0.2806715094517705,0.5952742191745171,0.2158581533707733,0.8136204551200652,0.2519932897304567,0.1736445600676563,0.1771568434930313,0.2066257988433685,0.3384882208167722,OK,638.8925104276577,638.8925104276577,1.0061773900200652,-1.117406612777657,44.86887175330848,0.0,1273.1857057203458,636.5928528601729,1.0025557112377566,0.0,45.98627836608614,0.0,1887.9327191851903,629.3109063950634,0.9910875381586493,-12.401994610842166,33.58428375524397,0.0,2544.538831292071,636.1347078230177,1.001834188962551,-10.383623026898931,35.60265533918721,0.0,3161.636680313669,632.3273360627338,0.9958380451385545,-22.01048196405096,23.975796402035183,0.0,3826.34412220389,637.724020367315,1.0043371614057195,-21.91432848913633,24.07194987694981,0.0,4436.656247722257,633.8080353888938,0.9981699650767032,-22.695306286391165,23.29097207969497,0.0,5079.760422085548,634.9700527606935,1.0,-22.28302267341224,23.703255692673903,1.0,634.9700527606935,3.101153859226742,0.0048839371963192,7.0,0.05,0.0,0.0,6.070373770357533e-06,1191.891891891892,630.0,86.1328125,645.99609375,86.1328125,0.0215804216608303,1.641092689577628,0.0580498866213151,42.89669175365318,641.1410087233508,1280.0127434437095,2544.058367202112,1894.0061894490475,3832.278848288439,1366.7517618634974,-0.002507356884767,4.739075151388061,0.6755541900212922,0.835524734621338,1.3086663668171148,0.1919443623855655,1.156241109225882,0.7134950049482721,0.142745412023059,0.9937589353562312,0.2930076495171349,0.1435949174776673,0.388749188929568,1.1914046628648922,2.4986804976057604,0.6961982396373744,0.2094328032310828,0.1232359575653113,0.1574083195940508,0.2823272605872807,0.1048106186598959,0.3306605493941094,0.1207711155287507,0.1029406126876118,0.1081605217560525,0.1049115311313238,0.112803963733103,OK,639.4293046580651,639.4293046580651,1.006268037393515,-1.9209373343277465,35.99018976751253,0.0,1273.9555210026972,636.9777605013486,1.0024100494827453,0.0,37.91112710184028,0.0,1891.4871018261167,630.4957006087055,0.992209250678372,-9.88018454791086,28.030942553929417,0.0,2545.0632624021973,636.2658156005493,1.0012896638625668,-6.273949507863122,31.63717759397716,0.0,3168.3511510740063,633.6702302148012,0.9972049986885164,-15.326445852046934,22.584681249793345,0.0,3828.470946302239,638.0784910503731,1.004142265947016,-14.431787291000497,23.479339810839782,0.0,4432.447751415084,633.2068216307263,0.9964757339472676,-17.588922570572485,20.3222045312678,0.0,5083.570427730937,635.4463034663671,1.0,-20.08809596509185,17.82303113674843,1.0,635.4463034663671,2.890572224612519,0.0045488851046019,7.0,0.05,0.0,0.0,8.781276350915008e-07,4,01-09_gambiae
gambiae_female,sf2_data_final/2024-01-09_330026_gambiae_female/002/3_033.wav,6408.0,OK,0.0348299319727891,16.0,1411200.0,44100.0,2.0,2024.0,1.0,10.0,3.0,23.0,24.0,72.4,32.0,0.0,33.3,1009.5,630.0,639.1304347826087,645.99609375,645.99609375,633.6881820572694,0.0651719745507354,2.81678457441111,0.023219954648526,610.0374661871036,1255.629998449254,1939.1846404671253,87.07093864717595,2543.8978266828126,3227.3836540063835,1186.698946143867,-0.0026479530954219,1.2341633739546969,2.2740031592715404,4.914149780023195,6.657523293589353,2.3845686808604563,8.184279835530987,3.442264065162843,1.2000541994490184,3.1515227688068976,1.6139511743649413,1.9692842963120631,3.72818296700404,8.385088883370084,10.22248014381296,3.4823821137123794,1.1595646148644976,0.6757706883573151,0.637227929658181,0.6247964407706661,0.3335503930277227,0.8020690707539962,0.8978527572873296,0.2934753405525603,0.3555356336803931,0.3036673010460677,0.5850043002983729,OK,621.063831972464,621.063831972464,0.9700361340122228,6.470532166633319,49.524373531453286,0.0,1266.4413724392195,633.2206862196098,0.9890238568332392,0.0,43.05384136481997,0.0,1942.5965194685173,647.5321731561725,1.0113768884303604,-6.782862315152158,36.27097904966781,0.0,2563.9679779523663,640.9919944880916,1.0011618198587684,-13.773000038492444,29.28084132632752,0.0,3219.9896127779107,643.9979225555821,1.0058567621361938,-16.770261087086823,26.283580277733144,0.0,3934.5490072926327,655.7581678821055,1.024225023696918,-29.773665083586792,13.280176281233176,0.0,4474.205498737914,639.1722141054163,0.998319515032298,-27.21479013256448,15.839051232255486,0.0,5121.985131862219,640.2481414827773,1.0,-30.96194068767185,12.091900677148118,1.0,640.2481414827773,10.189719541205912,0.0159152660991832,7.0,0.05,0.0,0.0,7.033600316693385e-06,648.5294117647059,630.0,86.1328125,645.99609375,86.1328125,0.047025513613174,1.0964028564962298,0.023219954648526,39.69572534673112,609.9832310570775,1255.6752309871852,1939.47262116948,2545.778587671728,3224.8094500079505,1198.578084414046,-0.0026479530954219,9.24621745246004,3.5364104350211294,3.685133082553405,4.571886288422815,1.6716337346194206,5.576510742852129,2.292158453402072,0.8435724130759157,2.0918145257038594,1.125084361578211,1.3456608658737006,2.5544999323354625,5.703713309049849,6.989477825562908,2.312167632937791,0.7576888362322524,0.5258297362108042,0.461116230151922,0.4148227949139444,0.2506398461693349,0.5841187923189459,0.6417484241645185,0.1756122365269118,0.2773419679073736,0.2348882617204435,0.3984740150537925,OK,621.1645386761888,621.1645386761888,0.973351094870196,6.180263101452162,47.079105371841,0.0,1266.625146298238,633.312573149119,0.9923867962319431,0.0,40.89884227038883,0.0,1942.4147454894087,647.4715818298031,1.0145736497039584,-6.833334507292044,34.06550776309679,0.0,2561.3201994356764,640.3300498589191,1.0033830270426507,-15.537936868059472,25.36090540232936,0.0,3211.854525729992,642.3709051459983,1.0065810021433923,-15.76721682053968,25.13162544984916,0.0,3839.8672281302174,639.9778713550364,1.0028311711155973,-19.978000649692405,20.92084162069643,0.0,4497.991248651849,642.5701783788355,1.0068932588922626,-10.648240978596125,30.25060129179271,0.0,5105.368798164457,638.1710997705571,1.0,-19.433185484843584,21.46565678554525,1.0,638.1710997705571,7.96638576016195,0.0124831503072234,7.0,0.05,0.0,0.0,3.6304312137266e-06,689.0625,630.0,86.1328125,645.99609375,86.1328125,0.0193133050829672,0.9291929442774958,0.023219954648526,39.72481314151328,609.1948710649483,1255.718278789898,1938.978424344562,2576.728273961221,3229.6741624084634,1204.9073619414537,-0.0026479530954219,4.925332149973552,1.9137525754593483,1.5420394702179756,1.696201331158691,0.6326040089941043,1.920720933772147,0.7844592852798986,0.2525588933392095,0.5981057475867431,0.4197058757437899,0.5423138926231852,0.9421874783229208,1.952674245864288,2.2907434285172537,0.7884052155777241,0.2643085449460479,0.1533954689957335,0.1768538820659417,0.1799094105495526,0.089423877373848,0.2098350821610764,0.2386581571882254,0.0915278553060494,0.151962232534984,0.0930895609679306,0.1103287272375261,OK,619.8544104431533,619.8544104431533,0.9665432105543104,3.9288973365225033,43.34122782814786,0.0,1271.4855307365565,635.7427653682781,0.9913180307718152,0.0,39.41233049162536,0.0,1940.5416636623268,646.8472212207756,1.0086332845319008,0.3971664882046966,39.80949697983005,0.0,2565.5632018027545,641.3908004506886,1.0001250504040116,-7.080501977820603,32.33182851380475,0.0,3228.858028687057,645.7716057374114,1.006956069971357,-7.372302133701744,32.04002835792361,0.0,3942.19690613468,657.0328176891132,1.0245157545862469,-20.33489887484028,19.07743161678508,0.0,4497.742264359735,642.5346091942478,1.0019085991803596,-16.591887129610612,22.820443362014743,0.0,5130.484834404191,641.3106043005239,1.0,-22.40789555142937,17.004434940195985,1.0,641.3106043005239,10.62756765076247,0.016571638734017,7.0,0.05,0.0,0.0,6.107068960166847e-07,3,01-09_gambiae
gambiae_female,sf2_data_final/2024-01-09_330026_gambiae_female/002/1_023.wav,7432.0,OK,0.0406349206349206,16.0,1411200.0,44100.0,2.0,2024.0,1.0,10.0,1.0,40.0,0.0,73.0,32.0,0.0,32.1,1009.6,604.1095890410959,588.0,602.9296875,602.9296875,601.0112411946758,0.0680763516857145,3.127675998778377,0.0348299319727891,600.2403710257489,1203.754540526612,1771.140776257767,116.25501460687984,2452.810054580382,2976.2560606504226,1092.7357335212407,-0.0028496539159919,0.7553413804201143,3.718395790327021,5.859592633082558,6.770135273326519,3.850975601932867,13.950444596091469,3.090850427164205,4.540883174010395,3.176757778979597,1.6522293958224743,3.1990969837186203,9.77404235532821,15.100839474475515,8.732053984390188,2.9746256140490366,1.399304944901098,1.173292786400991,0.8233736601090407,0.7450413155367359,1.0546188274027717,0.4235428913812382,0.6117358530179409,0.3596006233528357,0.5370685350496324,1.8866089041474592,4.054193986318319,OK,600.0303139226789,600.0303139226789,0.9990181841934764,3.8864629577436247,47.64263452002031,0.0,1198.2129791617003,599.1064895808502,0.9974800663766384,0.0,43.75617156227669,0.0,1782.4525283070354,594.1508427690118,0.9892291811053568,-11.955760167047885,31.8004113952288,0.0,2448.2924911590744,612.0731227897686,1.0190688129164436,-17.742029324649415,26.01414223762727,0.0,2986.2858612004093,597.2571722400819,0.9944010525186652,-21.26050410851468,22.49566745376201,0.0,3594.6049356752305,599.1008226125384,0.9974706311793468,-27.824950379087632,15.931221183189052,0.0,4262.006803277117,608.8581147538738,1.0137159975408507,-30.624353159906125,13.13181840237056,0.0,4755.065747885833,594.3832184857291,0.9896160741692224,-33.475479542882994,10.280692019393689,0.0,600.6200121443165,6.083203814669128,0.0101282070055425,8.0,0.05,0.0,0.0,1.0273342403317135e-05,612.5,588.0,602.9296875,602.9296875,600.9215868124282,0.0516652524364103,3.12508219506171,0.0348299319727891,600.2032986807048,1203.6900789290337,1771.5316918250423,2452.1967635027163,2975.900600596892,1981.2944041464764,852.1954840960672,-0.0028496539159919,5.11763533186675,4.098972716653824,4.192401004657759,4.806756382313867,2.666808126916135,9.55485827873741,2.105214256347591,3.023934350481244,2.194826442411676,1.1373503753375516,2.195579676850404,6.721798209606333,10.355949747804004,5.974274120963859,2.0078619419232755,0.9717133580002816,0.7914341838427194,0.5907132804679143,0.4913310365886785,0.7670923393153578,0.2725310734901708,0.4001030192336146,0.2466560477601553,0.328774463510995,1.2555215108113793,2.739035512348524,OK,600.2089970857094,600.2089970857094,1.0000793253431894,3.2783114314774693,43.78879189451867,0.0,1198.8743872310292,599.4371936155146,0.9987933321349608,0.0,40.5104804630412,0.0,1782.2927459292928,594.0975819764309,0.9898963725233292,-11.1484756733789,29.362004789662297,0.0,2445.0686839666505,611.2671709916626,1.0185046591070783,-14.227102971438544,26.283377491602653,0.0,2984.962784891912,596.9925569783825,0.9947200333829542,-16.524159948011437,23.98632051502976,0.0,3607.788904510495,601.2981507517492,1.0018940933137075,-20.731669516171547,19.77881094686965,0.0,4229.244658288075,604.1778083268679,1.0066922319936131,-21.94552777595335,18.56495268708785,0.0,4750.493223152785,593.8116528940981,0.9894199522011684,-25.01921184699942,15.49126861604178,0.0,600.1613890775518,5.343446584783312,0.0089033494690423,8.0,0.05,0.0,0.0,5.463037918421573e-06,621.1267605633802,604.1095890410959,602.9296875,602.9296875,599.2522437111323,0.0208692732798767,3.4389742773046863,0.0348299319727891,599.243640976528,1204.1640320367492,1771.199986559681,2452.2145048097213,2974.782982934604,3576.3544631159507,1116.3998425070108,-0.0028496539159919,2.7479685720849467,2.0772546216772896,1.5887475121446473,1.725559388411142,1.031708889997309,3.1827385703073445,0.7003114728716526,0.8255405374241492,0.6036134860770551,0.4803397660737489,0.8855327170421511,2.3860411645254027,3.4606591158655045,1.94339999355436,0.6831774937162086,0.3587330901778724,0.2900006492614473,0.2278889961721349,0.175105814135748,0.2698520455356285,0.1380420774426827,0.1979350053990919,0.1465367724899523,0.1274476347954177,0.3372967988896406,0.7347865904310331,OK,596.467724596096,596.467724596096,0.9948027596451082,8.904451703270766,43.16405269640658,0.0,1200.3627845580802,600.1813922790401,1.0009965010783086,0.0,34.25960099313581,0.0,1782.7160196047907,594.238673201597,0.9910850958266008,-9.910195575506872,24.34940541762894,0.0,2442.6281621648563,610.6570405412141,1.018468031172144,-12.874181983935518,21.38541900920029,0.0,2982.196006832524,596.4392013665048,0.9947551879386416,-14.029200310221164,20.23040068291465,0.0,3578.665032897933,596.4441721496556,0.9947634783265236,-17.7881394860496,16.47146150708621,0.0,4253.918030854396,607.7025758363422,1.0135405061435756,-19.681512587877336,14.578088405258477,0.0,4756.323761510361,594.5404701887951,0.9915884398690978,-24.40933774847432,9.850263244661493,0.0,599.5839062699056,5.8346972844444975,0.0097312439900913,8.0,0.05,0.0,0.0,8.42391792892678e-07,1,01-09_gambiae
gambiae_female,sf2_data_final/2024-01-09_330026_gambiae_female/002/1_050.wav,6408.0,OK,0.0348299319727891,16.0,1411200.0,44100.0,2.0,2024.0,1.0,10.0,5.0,36.0,17.0,69.6,30.0,0.0,25.3,1010.3,565.3846153846154,551.25,559.86328125,559.86328125,559.4017214187492,0.0963574733252662,2.018977069014018,0.011609977324263,559.1796511223954,1160.7588121298247,128.23863206568294,1039.5764937857875,1725.5640284878898,2280.290395076505,776.4274079296379,-0.0007159248542165,3.076118997662827,8.92395844567206,9.276292456014954,5.617695678756502,8.488275197607091,8.065386057300525,2.637458789200122,2.418118114233459,1.964199261042416,3.966043073662199,7.999625149351675,9.810780319238374,7.920280936569762,3.7280605590911495,1.427898045381161,0.6478828935295252,0.5896663081824793,0.5157531992671044,0.6578192622705881,0.474401349338605,0.4252470725172688,0.7989429008541052,1.1821561672653034,1.2936178557926108,1.7486890401150368,1.903024433752212,OK,571.6366926935688,571.6366926935688,1.0120392152912812,-1.7586148994481547,32.17713470728423,0.0,1167.8118975996608,583.9059487998304,1.0337609985160068,0.0,33.93574960673239,0.0,1735.395158168493,578.465052722831,1.0241283065166504,-2.794607425886035,31.14114218084635,0.0,2274.062397058269,568.5155992645673,1.0065135571501749,-7.650063584082893,26.285686022649493,0.0,2775.5241148969794,555.1048229793959,0.9827707994133698,-12.875547099210475,21.06020250752191,0.0,3310.2076887189187,551.7012814531531,0.9767450884339024,-15.014724859605716,18.92102474712667,0.0,3832.6106000760337,547.515800010862,0.9693350124037704,-19.735385708223816,14.20036389850857,0.0,4494.774699010884,561.8468373763606,0.9947070222748444,-20.10174550257664,13.834004104155753,0.0,564.8365044125711,12.172427621165417,0.0215503557685683,8.0,0.05,0.0,0.0,6.41745039805149e-06,572.7272727272727,558.2278481012657,86.1328125,559.86328125,86.1328125,0.0680240376096493,1.4725339492357987,0.011609977324263,77.07514633436028,558.8853674745529,1160.347051326922,1725.3764136878374,2279.724190318304,2760.795397659751,1023.933699581767,-0.0007159248542165,10.264385145354751,9.178185114262478,7.583552367487918,4.3363496098032295,6.03104146411658,5.567432145351961,1.8226747046863336,1.663558376695632,1.3892252883337344,2.806478004386785,5.548155180877866,6.779126517404493,5.3999490216437485,2.512885518572048,0.9431819124863045,0.4571628458283054,0.400421537080346,0.3538401470249366,0.4655702919220375,0.3257671012215275,0.3018243098665896,0.5159121433017382,0.764239284448912,0.8984215413277736,1.2459212239643596,1.288929578104309,OK,581.7496692645555,581.7496692645555,1.0291576903605728,-3.817867004745061,33.871535723375864,0.0,1163.2945298881796,581.6472649440898,1.0289765296319957,0.0,37.689402728120925,0.0,1733.2954980255154,577.7651660085052,1.0221088128366458,-3.185287480479815,34.50411524764111,0.0,2273.2828878019727,568.3207219504932,1.00540090091678,-6.597503341274141,31.091899386846784,0.0,2776.695894965587,555.3391789931173,0.9824356024848632,-13.154042017721302,24.535360710399623,0.0,3307.221418398473,551.2035697330788,0.9751194073941538,-13.912541616006225,23.7768611121147,0.0,3831.501406407547,547.3573437725067,0.9683151525138866,-21.38127928706846,16.308123441052466,0.0,4470.073754721869,558.7592193402336,0.9884859038611024,-16.339142514568227,21.350260213552698,0.0,565.2677667508225,13.062204678321894,0.0231079949125772,8.0,0.05,0.0,0.0,3.4061007075555003e-06,595.9459459459459,558.2278481012657,86.1328125,258.3984375,86.1328125,0.0273529148069869,1.2258110622961322,0.011609977324263,79.39391257719763,557.6848586750572,1161.8765115800825,1038.6273978959168,1761.2662907357576,2280.5552876909373,795.149114114905,-0.0007159248542165,6.018802626203191,4.801830733631854,3.574897854029743,2.0076579161799346,2.503027104638309,2.113231397184596,0.6426531110472116,0.5188287815450315,0.5670987200575919,1.192478274978933,2.161869607910256,2.4966646862838986,1.9610439149290315,0.9237736727113054,0.3612922291405196,0.1583631536739191,0.151104500699423,0.1419821572018463,0.1567135150423996,0.1325437789712426,0.1178020082322494,0.162759621961426,0.23318379707287,0.2414052935831461,0.375855608439425,0.3764009579412886,OK,570.0684786769511,570.0684786769511,1.0026971569487264,1.2485874497336835,29.085381314474144,0.0,1167.9503761523167,583.9751880761584,1.0271577586109333,0.0,27.83679386474046,0.0,1750.2342397368552,583.4114132456184,1.0261661313926496,-2.095633731057699,25.74116013368276,0.0,2275.4769880669514,568.8692470167379,1.000587820577402,-2.326220281189041,25.51057358355142,0.0,2802.3105972874505,560.4621194574901,0.9858004692028316,-6.514851765103497,21.321942099636964,0.0,3322.095599106793,553.6825998511322,0.9738759280484952,-8.777974750908879,19.058819113831586,0.0,3979.745352905906,568.5350504151295,1.0,-15.808390508281146,12.028403356459314,1.0,4474.210452654548,559.2763065818185,0.9837147352189624,-9.33306510723187,18.50372875750859,0.0,568.5350504151295,10.91302597182589,0.019194992399954,7.0,0.05,0.0,0.0,6.771347216272261e-07,1,01-09_gambiae
gambiae_female,sf2_data_final/2024-01-09_330026_gambiae_female/002/3_030.wav,12040.0,OK,0.0667573696145124,16.0,1411200.0,44100.0,2.0,2024.0,1.0,10.0,2.0,58.0,29.0,72.8,32.0,0.0,33.7,1009.4,648.5294117647059,630.0,645.99609375,645.99609375,647.7259626785406,0.0840039984768392,3.094297761977669,0.0580498866213151,649.4338336961462,1289.529148487816,1930.388284896305,2574.4753825409484,3230.5682046896786,3909.722889582496,1217.108623479479,-0.0027294719657408,0.2884010591566764,0.3922951745907173,7.588043860723995,11.19620135022181,0.7235819211217432,6.199048693706732,7.719771745984276,0.6378389103772394,3.9552190666554186,1.4219477085216954,0.4298689405613096,1.182274006704789,6.272834612186256,16.39588004680142,7.778357332422177,1.7123429973273032,0.5756088983707731,0.6947985005849051,0.6952835660873201,0.3244746002512223,1.2733037740030897,0.8024374392276454,0.3100670265497781,0.5314134141960566,0.2628309825089568,0.2518528366280444,OK,650.2549065107254,650.2549065107254,1.007504493187904,8.710334293950574,48.77138313716191,0.0,1285.7053223500866,642.8526611750433,0.9960354594894156,0.0,40.06104884321134,0.0,1914.8816196048704,638.2938732016235,0.9889720766210608,-9.619504526538115,30.441544316673223,0.0,2564.2617845330924,641.0654461332731,0.9932663497651404,-15.271416485737303,24.78963235747404,0.0,3231.6810670285363,646.3362134057072,1.001432872856862,-16.52384326741582,23.53720557579552,0.0,3898.335975664022,649.7226626106703,1.0066798348648245,-17.668841535829635,22.392207307381703,0.0,4545.479282801108,649.3541832573011,1.006108913214793,-17.618851912128235,22.442196931083103,0.0,5163.291367193536,645.411420899192,1.0,-23.32538501554248,16.73566382766886,1.0,645.411420899192,4.384078456278599,0.0067926880658087,7.0,0.05,0.0,0.0,1.432661393545973e-05,648.5294117647059,639.1304347826087,645.99609375,645.99609375,647.6671758493487,0.0608403440614508,2.268917976202554,0.0580498866213151,649.266712298529,1289.382662891198,1930.2608861430224,2574.767704778944,3231.0690328573914,3882.776247184339,1210.0200926431016,-0.0027294719657408,3.0262092270572576,0.7008478104371831,5.309318111946016,7.660766936076317,0.4814717751365437,4.259332541214672,5.241638202807283,0.401214718718026,2.6347209450680795,0.9850093439333352,0.272247650278151,0.7818060555934053,4.287308710160438,11.169910209139443,5.278624930478712,1.1600272917230554,0.3703497496337119,0.4820616818510729,0.4985380997831705,0.1907136601501979,0.9034037766807244,0.5818865275980417,0.2033269793632216,0.3660170760347983,0.192457644496765,0.1547522368814031,OK,651.0265641015126,651.0265641015126,1.0083786420514251,7.062382196641664,48.2396220411798,0.0,1285.7513409075077,642.8756704537539,0.995753677846814,0.0,41.177239844538136,0.0,1915.334032009676,638.4446773365586,0.9888904881264022,-8.034360089280888,33.14287975525725,0.0,2563.227760622745,640.8069401556862,0.9925494100584252,-13.172298568714794,28.00494127582334,0.0,3232.524316682508,646.5048633365016,1.0013749547541528,-15.475142667205166,25.70209717733297,0.0,3897.638617062797,649.6064361771329,1.0061789980631624,-16.643311330279822,24.53392851425832,0.0,4550.385217166473,650.0550310237819,1.0068738290996186,-13.762470972870116,27.41476887166802,0.0,5164.937351525631,645.6171689407039,1.0,-18.030970099199635,23.1462697453385,1.0,645.6171689407039,4.594362710786761,0.0071162337865409,7.0,0.05,0.0,0.0,7.4033260993335555e-06,648.5294117647059,639.1304347826087,645.99609375,645.99609375,647.8355605145865,0.0253542725488218,2.543609491173199,0.0580498866213151,649.2794006938366,1289.8774814209569,1931.3853947174428,2575.104203468731,3229.7721201131617,3910.264805999662,1217.0915103837565,-0.0027294719657408,1.5814153360898853,0.3772556594461984,1.872663566781423,2.652327540507736,0.2062610625770503,1.4234942687263712,1.7642164877590223,0.1595917359529371,0.7164878818836066,0.3445440447055882,0.1184379755896716,0.3141027970628645,1.425982258790676,3.6475389048454887,1.7756624310062514,0.388626466136646,0.1652217753328707,0.2462038921679814,0.2250021258789317,0.1110105435733818,0.3431211106320372,0.2543042442855725,0.1137779301716289,0.2154881544913318,0.1325825400836954,0.0783671235010558,OK,650.83596945274,650.83596945274,1.0082224617103523,8.216649448777432,42.029975249414015,0.0,1287.122388052224,643.5611940261119,0.9969529678082372,0.0,33.81332580063658,0.0,1916.4603588505363,638.8201196168454,0.9896084786644028,-6.276158602241793,27.53716719839479,0.0,2565.0831611504427,641.2707902876107,0.9934048595230052,-10.091330292533204,23.72199550810338,0.0,3224.429367602518,644.8858735205037,0.9990050541763827,-10.847153673188142,22.96617212744844,0.0,3899.539894631111,649.9233157718518,1.006808652418884,-11.094344988448157,22.718980812188427,0.0,4545.797974547649,649.3997106496641,1.0059975256987366,-10.65644829928812,23.156877501348465,0.0,5164.225112371802,645.5281390464753,1.0,-16.93338165665052,16.879944143986062,1.0,645.5281390464753,4.307528784241093,0.0066728753150929,7.0,0.05,0.0,0.0,1.2463763635858651e-06,3,01-09_gambiae
gambiae_female,sf2_data_final/2024-01-09_330026_gambiae_female/002/1_031.wav,8456.0,OK,0.0464399092970521,16.0,1411200.0,44100.0,2.0,2024.0,1.0,10.0,3.0,6.0,22.0,72.5,32.0,0.0,33.4,1009.4,551.25,537.8048780487806,559.86328125,559.86328125,557.7369646565726,0.067274643803203,2.8308346177737502,0.0348299319727891,559.0739399009252,1109.5778266329296,1639.6929821502729,2190.189266358158,2752.98097058335,81.42271277646778,1004.1720460282928,-0.0026692164468888,0.4501873553733353,5.232575241950944,5.23114072631544,1.2153246487709843,6.231188544278139,5.0103912465535,1.4385681405832969,1.8674656392122857,0.5075290248715738,1.1143358693676708,6.284363282349466,12.489915988225013,4.924539833242871,1.058650693743891,0.7040277891165851,0.6769056223095551,0.305834885262381,0.8047805890433078,0.382456381085271,0.4699987260356351,0.3211943210610084,0.3250982269504996,1.2677273128710436,4.268765367117831,4.285624433196439,1.6798307900804168,OK,559.551762674252,559.551762674252,1.015948946105358,2.1841859995533923,42.095300367545306,0.0,1101.994089900383,550.9970449501915,1.0004165913962055,0.0,39.91111436799192,0.0,1648.1968634827315,549.3989544942439,0.9975150219207712,-14.97468451181354,24.93642985617837,0.0,2184.48745955875,546.1218648896875,0.9915649812772926,-15.411334543977638,24.49977982401428,0.0,2749.6583259006056,549.9316651801212,0.9984822369239188,-16.042042361976122,23.86907200601579,0.0,3305.581785706206,550.9302976177011,1.0002954017465209,-27.93921071404974,11.971903653942174,0.0,3834.2245615083593,547.7463659297656,0.9945145030726074,-26.75302719699406,13.158087170997852,0.0,4411.702748145042,551.4628435181303,1.001262317557326,-24.19143524647556,15.71967912151636,0.0,550.7675999067616,3.7250281962531258,0.0067633393774138,8.0,0.05,0.0,0.0,8.20842205939698e-06,558.2278481012659,537.8048780487806,559.86328125,559.86328125,557.7226711338295,0.0482273761652226,2.635247656398409,0.0348299319727891,559.0608940779513,1109.7386618503092,1639.9569326715744,2189.468516797965,2753.4771835329084,3832.206200053453,1179.6553798204857,-0.0026692164468888,2.833449262123976,4.069421734595242,3.6959833149894967,0.8737220546384964,4.306661276880079,3.429388487806597,0.9429194266530176,1.2733516371225064,0.3485353915747929,0.7386640039393063,4.305758836076314,8.520662314844605,3.3752525318161606,0.7115918732737874,0.4896126027164958,0.488227725039635,0.212949934587544,0.5373673059514453,0.2560315478119628,0.3171776228473114,0.2142376453488701,0.1785658471320671,0.8495134030269182,2.8831132392195244,2.862478866246967,1.1354039861004543,OK,560.1233540499353,560.1233540499353,1.0186885931355858,2.1139320755335334,43.51352919354404,0.0,1102.029896619951,551.0149483099755,1.0021232616566191,0.0,41.3995971180105,0.0,1649.156884740469,549.7189615801564,0.9997662685247024,-14.213905609053144,27.18569150895736,0.0,2184.1008964853622,546.0252241213406,0.9930485193215548,-13.1552322174871,28.244364900523404,0.0,2750.685810146041,550.1371620292082,1.0005268438944188,-12.415735565557476,28.98386155245303,0.0,3284.258790191862,547.376465031977,0.9955060024675276,-24.797994786150685,16.60160233185982,0.0,3833.583058336871,547.6547226195529,0.9960120656915792,-23.25478735436825,18.14480976364225,0.0,4373.831905578652,546.7289881973314,0.9943284453080128,-23.56733672750771,17.832260390502796,0.0,549.8474782424346,4.21760793332767,0.0076705051859273,8.0,0.05,0.0,0.0,4.1485586734779645e-06,558.2278481012659,537.8048780487806,559.86328125,559.86328125,557.5709847906944,0.0197065514485221,2.8183039946752104,0.0348299319727891,558.5015599891605,1109.2658588649551,2753.469017158683,2190.613250228624,1639.451288180554,3312.07788432117,1029.091325231993,-0.0026692164468888,1.5397006539982592,1.791299215100914,1.5590759620265024,0.3867287324301134,1.6519324674501807,1.3397598730211655,0.282636052799153,0.3441756777815344,0.1312137151872138,0.3296170137970883,1.613074907434496,2.9440913072897046,1.2959293348606469,0.2866123597946651,0.229795476576848,0.1785101215244045,0.0817629521824673,0.2040204303195371,0.1165359922551861,0.1714692074500751,0.1170832269066905,0.0914975808354187,0.2421695173998369,0.7819682298812798,0.7661650706639827,0.3033425509125476,OK,561.5972928060859,561.5972928060859,1.0196496343503318,-0.7691654867580624,38.146335856623104,0.0,1104.1234639441452,552.0617319720726,1.002336639358591,0.0,38.915501343381166,0.0,1646.678808289005,548.892936096335,0.9965832968880776,-11.747259171778513,27.168242171602653,0.0,2184.12799411547,546.0319985288675,0.9913889094116146,-10.763883504487788,28.15161783889338,0.0,2750.0540663336387,550.0108132667277,0.9986129417290348,-9.539035791252337,29.37646555212883,0.0,3301.7462646184968,550.2910441030828,0.999121735616547,-20.03198699542232,18.883514347958844,0.0,3840.387571233311,548.626795890473,0.9961000862902536,-19.99077327039421,18.924728072986955,0.0,4389.484376569194,548.6855470711492,0.9962067563555504,-20.2780277726252,18.637473570755965,0.0,550.7747699668491,4.396230159600896,0.0079819018577512,8.0,0.05,0.0,0.0,6.808434136473807e-07,1,01-09_gambiae
gambiae_female,sf2_data_final/2024-01-09_330026_gambiae_female/002/4_056.wav,9992.0,OK,0.0551473922902494,16.0,1411200.0,44100.0,2.0,2024.0,1.0,10.0,6.0,50.0,52.0,76.0,30.0,3.9,20.1,1010.9,612.5,604.1095890410959,602.9296875,602.9296875,605.8315092491495,0.0733841763020065,2.448579569034051,0.0464399092970521,606.2154936205267,1215.6954045043587,1843.295291047668,79.80753883221226,2453.142849277687,3053.918795179713,1124.9029034886132,-0.0021141786661803,1.0013308967909915,1.4965527414490858,2.594136564326413,8.064977719387938,1.1972667205662464,15.4411636543463,1.5619875523635651,1.484777224337376,1.203232719077235,0.6598150204195129,1.1167935368056805,6.486664567647809,16.604628907210678,8.889815710638777,1.563796073180883,0.2864967812753513,0.3537027135451527,0.5526879181817292,0.3443525362323918,0.9715965522968296,0.4946438365427136,0.2078919432719901,0.1977340591514303,0.2245219551483502,0.5359999420963244,1.4856586204829842,OK,608.4816215252216,608.4816215252216,0.99632583988178,9.208594391486647,53.05682676167257,0.0,1222.7598567666569,611.3799283833284,1.0010715181611012,0.0,43.84823237018592,0.0,1835.6821935761584,611.8940645253862,1.0019133630179191,-10.318902863926866,33.52932950625905,0.0,2450.769763660246,612.6924409150615,1.0032206219372457,-16.00847744433645,27.83975492584947,0.0,3046.643729906191,609.3287459812382,0.9977129187273324,-24.097041283102115,19.751191087083804,0.0,3671.269525288106,611.8782542146845,1.0018874752662903,-30.27026865178883,13.57796371839709,0.0,4301.098177234323,614.4425967477604,1.006086321439503,-33.13924351226279,10.708988857923131,0.0,4845.652374743913,605.7065468429892,0.9917819415688292,-34.701047439919535,9.14718493026638,0.0,610.7255248919587,2.5735221443514167,0.0042138768390377,8.0,0.05,0.0,0.0,1.0827673050746516e-05,630.0,595.9459459459459,86.1328125,602.9296875,86.1328125,0.0531460030501286,1.6406386342707018,0.0464399092970521,34.954080631824624,606.14520816152,1215.694506401487,1843.4396294625155,2453.4434298199017,3056.4750832689,1137.4027208284251,-0.0021141786661803,11.375166235488528,2.467236567824917,2.0009495437803384,5.629162887440956,0.8614676046392702,10.56891195213558,1.03976504654815,0.9962273091886158,0.8012660814856972,0.4648253570589609,0.7653371330601157,4.415423169861419,11.371431737465311,6.0896132300831685,1.023646037380674,0.1525667604840594,0.2623298017287083,0.4001768707449977,0.1911189684632599,0.6729361519793724,0.3493775606739274,0.1319193415582349,0.14987120550402,0.1122303855574094,0.3132525982125728,0.9842583954356448,OK,608.1887440771918,608.1887440771918,0.9956291581800478,8.412998168329608,50.27939085369367,0.0,1222.5483800351597,611.2741900175798,1.0006801558746856,0.0,41.86639268536406,0.0,1834.8638142181248,611.6212714060415,1.0012483419090037,-2.052218743340177,39.814173942023885,0.0,2451.132015562551,612.7830038906377,1.0031501441816253,-7.538531289261577,34.327861396102485,0.0,3052.4629515030047,610.4925903006009,0.9994006460583206,-15.35092405555742,26.51546862980664,0.0,3670.502091111533,611.7503485185888,1.0014596462748888,-24.34165278570304,17.52473989966102,0.0,4235.771491879131,605.1102131255901,0.990589480597022,-26.05079094589518,15.815601739468882,0.0,4925.1946054237,615.6493256779625,1.0078424269244066,-31.025082134519582,10.841310550844476,0.0,610.8587108767741,2.926389121439757,0.0047906153572558,8.0,0.05,0.0,0.0,5.448158557747344e-06,658.2089552238806,595.9459459459459,86.1328125,602.9296875,86.1328125,0.0212393938138465,1.5731217787987948,0.0464399092970521,35.473893067763186,605.793545189203,1215.8129708933682,1843.0202940395327,2452.655547809504,3019.030527777781,1127.2049484347947,-0.0021141786661803,6.004693612951711,1.336943371883048,0.8149295805079111,2.066159862431936,0.3358802412980453,3.570793198175721,0.3791232268599772,0.2855133628753236,0.2523860827598938,0.1916584623268249,0.3125685490421929,1.6320369290386687,3.854925227623718,2.1143985209193663,0.3970917963283258,0.1078668367584576,0.1153538148038788,0.1764315131318202,0.0963643161395612,0.2516688918510677,0.1345456675803537,0.086360108689976,0.0841210800192494,0.083910643263547,0.1297506013619482,0.2708461257505802,OK,608.0897008502534,608.0897008502534,0.9976409484710456,12.56916690689291,47.46162253004893,0.0,1222.8855435948192,611.4427717974096,1.0031420462126028,0.0,34.89245562315602,0.0,1835.8998406265223,611.9666135421742,1.004001468719455,-8.26258832924097,26.629867293915048,0.0,2449.089896952564,612.2724742381411,1.0045032682967174,-12.446687580325229,22.44576804283079,0.0,3037.304536628439,607.4609073256878,0.9966093405234632,-18.857524190671803,16.034931432484214,0.0,3682.936199869888,613.8226999783147,1.0070465915524949,-24.33886467863908,10.55359094451694,0.0,4237.479763418422,605.3542519169175,0.9931531305314693,-24.556663071024083,10.335792552131934,0.0,4846.491547485671,605.8114434357088,0.9939032056927524,-24.776678573936003,10.115777049220014,0.0,609.5276078855759,3.0241592816583887,0.0049614804030765,8.0,0.05,0.0,0.0,8.264861734412415e-07,4,01-09_gambiae
gambiae_female,sf2_data_final/2024-01-09_330026_gambiae_female/002/1_007.wav,11528.0,OK,0.0638548752834467,16.0,1411200.0,44100.0,2.0,2024.0,1.0,9.0,22.0,4.0,48.0,74.6,32.0,0.0,23.8,1010.5,595.9459459459459,580.2631578947369,602.9296875,602.9296875,597.3196319929609,0.0535345059958067,2.726970546261087,0.0580498866213151,598.5615861403078,1169.5638644875846,1765.4711597724302,2364.2876665750005,2969.161496527275,170.98958257578153,1064.3035693523277,-0.0032465920271705,0.2785706503517959,1.0723883952810658,1.756983385916267,3.684854386849533,1.1960026870187856,8.755600512670322,1.0660102052319835,1.6011612387480711,1.378858709852361,0.5062662887735899,1.1586941486600073,6.285917977510512,9.940595902792774,3.710680152288466,0.872272111691399,0.5525297619684838,0.710041602756946,0.4700144380723196,1.095731962560467,1.0364774751858423,0.25368481754002,0.4048589501547234,0.4233178212701694,0.5401411833083916,0.993164860455656,2.102382499391741,OK,595.4396084874372,595.4396084874372,1.007407366461102,12.647310764750983,49.19351425884237,0.0,1180.7336230093467,590.3668115046734,0.9988248452848916,0.0,36.54620349409139,0.0,1767.1641981933712,589.0547327311237,0.9966049764635868,-0.9121556452160676,35.63404784887532,0.0,2359.5230798704374,589.8807699676094,0.9980025254091812,-6.660806111509992,29.885397382581395,0.0,2966.06484561358,593.212969122716,1.0036401785439757,-13.887436114304007,22.658767379787378,0.0,3569.342244224072,594.8903740373453,1.0064781322901637,-19.838164827539973,16.708038666551413,0.0,4116.651380095443,588.093054299349,0.9949779400311304,-22.185802512410994,14.360400981680392,0.0,4700.423044936509,587.5528806170636,0.9940640355159688,-25.67630085115991,10.869902642931478,0.0,591.0614000959147,2.861005939048636,0.0048404547117852,8.0,0.05,0.0,0.0,5.760289985284379e-06,595.9459459459459,588.0,602.9296875,602.9296875,597.2699095113253,0.0402087458170455,2.666403546073948,0.0580498866213151,598.5419456981663,1169.0974321191773,1765.5542282772906,2364.80921020507,2966.5610103202907,3579.072871319808,1116.910327763508,-0.0032465920271705,2.2689705582609405,0.9142559797783324,1.3087812528559184,2.5271013636066826,0.8513577223366641,5.952371469168075,0.7301364945815598,1.0866417727834206,0.91246487907115,0.3497679032176402,0.7802796352148972,4.302324589708153,6.808846759253261,2.5148894417825858,0.590085813529503,0.4125259967658256,0.5078467972284679,0.3025510575049033,0.714261650810921,0.7086424697391809,0.1721397445376953,0.2951888445897511,0.2948551585279974,0.3502545552687872,0.668706787031851,1.4620267031999616,OK,596.0810310919884,596.0810310919884,1.0079478951418013,11.462884253515234,49.48521976375232,0.0,1180.0367655154707,590.0183827577354,0.997696212386018,0.0,38.022335510237085,0.0,1767.3819731219853,589.1273243739951,0.9961894702226344,-0.8277515048641888,37.194584005372896,0.0,2360.3730452686086,590.0932613171522,0.997822828873406,-6.188812951108623,31.83352255912846,0.0,2958.353454275339,591.6706908550678,1.0004901957237884,-13.3226816329257,24.699653877311384,0.0,3582.9468731948805,597.1578121991467,1.0097686866011444,-19.016702079047565,19.00563343118952,0.0,4126.7252852819065,589.5321836117009,0.99687407012632,-19.5722384061032,18.450097104133885,0.0,4698.925615401987,587.3657019252483,0.993210640924886,-22.84432091479024,15.178014595446848,0.0,591.3807985165045,3.234203207028536,0.0054689012817826,8.0,0.05,0.0,0.0,3.1688210914250123e-06,595.9459459459459,588.0,602.9296875,602.9296875,597.4838923768433,0.0179648145235098,3.130766880962997,0.0580498866213151,598.2741184598557,1766.0139948023889,1170.4861331330942,2364.6112982322365,2969.0816689272524,3575.864685168631,1116.2601129999082,-0.0032465920271705,1.21589696290956,0.4602381099816357,0.551917833532973,0.98920667548856,0.3342212421893166,2.124084564528875,0.2464918346671167,0.3006239724354569,0.3281839335838818,0.1640639566118766,0.3219745938745832,1.5247695661223608,2.408363495134959,0.9265536808888428,0.227856958949768,0.1713363985556498,0.2322128413668444,0.1466054181877228,0.2836265219705494,0.2760838911342091,0.0922262954893237,0.145726022899747,0.139822170232825,0.1154216330618032,0.2016122780126525,0.4594342298509699,OK,595.1614620365293,595.1614620365293,1.0064806650603806,16.03111484181894,42.972165760446906,0.0,1182.5736374814824,591.2868187407412,0.9999282354929948,0.0,26.941050918627965,0.0,1768.2581726457831,589.4193908819277,0.9967702184620209,2.0732271076364803,29.01427802626445,0.0,2359.38843488854,589.847108722135,0.9974935343413738,-1.024693961695032,25.916356956932933,0.0,2965.3219588237657,593.0643917647532,1.0029342985423042,-6.2298267837393695,20.7112241348886,0.0,3575.747752620697,595.9579587701162,1.0078276248574678,-11.137059345795391,15.803991572832572,0.0,4119.943197698016,588.5633139568594,0.9953225022911226,-12.94559569403232,13.995455224595643,0.0,4698.668773381442,587.3335966726803,0.9932429209523348,-13.36123458783733,13.579816330790637,0.0,591.3292551932178,2.927952861047047,0.004951476415775,8.0,0.05,0.0,0.0,6.208995480185628e-07,1,01-09_gambiae
gambiae_female,sf2_data_final/2024-01-09_330026_gambiae_female/002/3_017.wav,7432.0,OK,0.0406349206349206,16.0,1411200.0,44100.0,2.0,2024.0,1.0,10.0,0.0,17.0,30.0,73.1,32.0,0.0,29.5,1009.9,612.5,612.5,602.9296875,602.9296875,601.9703472390244,0.0610792089353704,3.089140260005062,0.0348299319727891,599.3782015097557,1212.939203500518,1852.287759568832,2496.699497086068,47.82230611816418,3090.159439623704,1151.827977630248,-0.0029491468553768,0.4348418516500671,1.850605936769096,4.667933760977334,4.011531440890254,1.890665905681651,9.952466193717672,3.194361401631652,1.7437914042955447,1.0622454414721068,1.4799422440384091,1.6984095081402453,5.544916077321927,11.137778507310632,5.023336037769129,3.138724250021394,0.8446164110582094,0.5311494967463855,0.5872530919615085,0.4457802214061628,1.175376181048624,1.2096136891854128,0.2144699547044175,0.3679558328864836,0.3220887656411029,0.4456106260804043,1.6726015367609348,OK,598.0360081930298,598.0360081930298,0.972057895750552,2.0439513757478807,44.54141743118279,0.0,1218.4335764787058,609.2167882393529,0.9902313257376818,0.0,42.49746605543491,0.0,1851.9792527890784,617.3264175963594,1.003412855177535,-5.628722193307979,36.86874386212693,0.0,2492.7738638709584,623.1934659677396,1.012949255354144,-15.404333879587725,27.093132175847188,0.0,3083.935951508449,616.7871903016897,1.002536385964633,-20.51377823378006,21.98368782165485,0.0,3724.6140097254975,620.7690016209164,1.0090084897831608,-26.935092102134348,15.562373953300565,0.0,4306.587164871379,615.2267378387685,1.0,-35.359021746989285,7.138444308445628,1.0,4970.066343618329,621.2582929522911,1.0098037922322929,-28.33695641081016,14.160509644624751,0.0,615.2267378387685,8.185784270945186,0.0133053129317835,7.0,0.05,0.0,0.0,7.17184177899201e-06,621.1267605633802,604.1095890410959,602.9296875,602.9296875,602.1168636449248,0.0443612385263634,2.070120807093297,0.0348299319727891,42.04705786288756,599.6432419604696,1212.8050341156525,1852.4173468193137,2497.1519358900823,3091.442595898768,1153.724008751484,-0.0029491468553768,7.31717485456802,1.740674659110783,3.2604324558074227,2.822062289676456,1.3214340436088876,6.820510042612953,2.151768780238597,1.1996285810785352,0.681524721597187,1.0419675897456773,1.162708983363792,3.815267044920848,7.662323525038162,3.513440592989072,2.100314626326416,0.5606362354668326,0.4012900496183474,0.3953313686807554,0.2969417380366786,0.7955621712128813,0.8347093791304867,0.1309153519066294,0.2648869374757233,0.2267337446320101,0.2956935542424994,1.13434936820468,OK,599.716876062708,599.716876062708,0.9735728601216704,0.0664776752360509,43.30340715447797,0.0,1219.2385630523074,609.6192815261537,0.9896483010404336,0.0,43.23692947924192,0.0,1852.119429660986,617.3731432203286,1.0022358229326749,-4.069392947244317,39.167536531997605,0.0,2494.4809355271805,623.6202338817951,1.0123772716153483,-13.7400854619574,29.496844017284523,0.0,3086.2554833935155,617.2510966787031,1.002037694106655,-17.9346310899367,25.30229838930522,0.0,3723.044575218008,620.5074292030014,1.0073239835137535,-22.585766658335995,20.651162820905927,0.0,4354.418249689569,622.0597499556527,1.0098440015677843,-29.313509760920603,13.92341971832132,0.0,4942.554187332294,617.8192734165367,1.0029600651016803,-32.12895269949008,11.107976779751844,0.0,615.9958854931099,7.311972467226551,0.0118701644595779,8.0,0.05,0.0,0.0,3.693232429213822e-06,648.5294117647059,612.5,86.1328125,602.9296875,86.1328125,0.0181780895582901,2.0310945402838776,0.0348299319727891,42.1952059629451,597.6125095037515,1213.3431689736733,1852.920419193864,2497.6072868849656,3091.632228674344,1154.140517019045,-0.0029491468553768,3.8467446246524943,0.7847846417538068,1.2556666188229089,0.9560412909811942,0.5443246861699036,2.239260268680151,0.7352735639183874,0.3166145139632094,0.2426256407222037,0.3871397751769043,0.4780997553539837,1.4185907568322962,2.498015535640206,1.130989050496947,0.7266970595917294,0.2081986902972285,0.1642083842841823,0.1935030693771871,0.1524647808502816,0.302090784648561,0.3288465320488638,0.0855894592671711,0.1451782446075539,0.0869618913176103,0.091350023047467,0.3085412574040029,OK,594.9683303766778,594.9683303766778,0.9673738328258308,1.0620247289954534,35.60265841955558,0.0,1220.2094693391357,610.1047346695677,0.9919844897102802,0.0,34.54063369056013,0.0,1853.8980062662224,617.9660020887408,1.004766320281564,-0.9692734776419484,33.57136021291818,0.0,2495.001067414316,623.750266853579,1.0141711004857443,-7.411743912716258,27.12888977784387,0.0,3085.3729320252883,617.0745864050576,1.0033169453105977,-11.213713229228135,23.32692046133199,0.0,3729.057654788104,621.5096091313507,1.010527959266059,-14.325637330919562,20.21499635964057,0.0,4305.241853059908,615.0345504371297,1.0,-23.688676626981007,10.85195706357912,1.0,4958.946588279468,619.8683235349336,1.0078593521199228,-19.35334892870754,15.187284761852588,0.0,615.0345504371297,9.110173956778668,0.0148124588290262,7.0,0.05,0.0,0.0,6.115829559608496e-07,3,01-09_gambiae
gambiae_female,sf2_data_final/2024-01-09_330026_gambiae_female/002/1_013.wav,6408.0,OK,0.0348299319727891,16.0,1411200.0,44100.0,2.0,2024.0,1.0,9.0,23.0,31.0,36.0,73.9,32.0,0.0,23.7,1010.5,604.1095890410959,595.9459459459459,602.9296875,602.9296875,599.6041745530711,0.0395232171630974,2.775141278476726,0.023219954648526,600.138154570633,81.19040192697729,1806.1493003044875,1166.1557472176803,209.79293981463312,731.957962941822,640.1616385391883,-0.0031044875440558,2.946955356757049,2.648784225171405,2.165892463917377,3.960772933891816,1.9657609610114708,5.591410263638386,0.8701939760301898,1.7651705045604609,1.6181992189405072,0.9840535948709966,1.2695697813186682,4.218859616581644,6.618430016057569,3.342328617593624,0.7812245109303514,0.835228532867138,0.7531363559853261,0.4917338264578435,0.7115247986087426,1.509453132468641,0.3858676181649745,0.396864838716432,0.271734054697071,0.3987389830172237,0.8918501211306602,1.3119449088566368,OK,597.5337931823408,597.5337931823408,1.0044975255919977,9.930540232917116,34.06526686483221,0.0,1180.0422570041524,590.0211285020762,0.9918681928780476,0.0,24.134726631915093,0.0,1801.2428403220388,600.4142801073463,1.0093398324567828,4.91320570635154,29.04793233826664,0.0,2347.1321777975936,586.7830444493984,0.9864247393768644,-10.236939453676284,13.89778717823881,0.0,2997.7012996897306,599.5402599379461,1.007870541334679,-12.540858901012957,11.593867730902137,0.0,3556.8969676554875,592.8161612759146,0.996566845133875,-7.945697942557668,16.189028689357425,0.0,4214.14853398405,602.0212191405786,1.0120412132005605,-7.206609861653408,16.928116770261685,0.0,4717.898654077241,589.7373317596551,0.9913911100271936,-8.698712790654547,15.436013841260548,0.0,594.858402294407,5.364908721359388,0.0090187996011598,8.0,0.05,0.0,0.0,2.900655090343207e-06,1191.891891891892,588.0,86.1328125,602.9296875,86.1328125,0.0329519919860938,0.5440876740197358,0.023219954648526,600.0819845201012,1805.9838368035248,1166.505037164879,732.8445371984076,2365.500499358808,3007.2686180959354,953.6790899622356,-0.0031044875440558,22.10208278244864,6.264106682180775,1.874214139665988,2.91760323200712,1.5198226068146274,3.8236632831526816,0.6444357700670871,1.2018379066579217,1.0881537852785832,0.6963227592716976,0.885060695997268,2.859346081563655,4.557478704621532,2.290613681844187,0.499554531391965,0.5677023847701453,0.5341102566080516,0.3471022015703394,0.4901275224164474,1.0466247222414309,0.2824994900028961,0.281855377348439,0.1679492490898316,0.2486521415172725,0.5757520699889556,0.8977549103454223,OK,598.1219986416352,598.1219986416352,0.9970112161546376,8.342629736174906,30.86520582070724,0.0,1227.7857203709357,613.8928601854677,1.0232997089426177,0.0,22.52257608453233,0.0,1802.2074359275828,600.7358119758609,1.001368188840939,8.203922506477745,30.72649859101008,0.0,2354.5731879046552,588.6432969761638,0.981211142095297,-3.298005205659376,19.22457087887296,0.0,2994.233582647192,598.8467165294383,0.998219250409068,-5.818597875761128,16.703978208771204,0.0,3588.2088685472195,598.0348114245365,0.9968658835409732,-7.445927889439208,15.076648195093124,0.0,4209.161862138641,601.3088374483772,1.0023233665881852,-7.6974568237347185,14.825119260797614,0.0,4797.886291149689,599.7357863937111,0.999701243428282,-6.359334495348243,16.16324158918409,0.0,599.9150149468989,6.451469692955878,0.010753972699828,8.0,0.05,0.0,0.0,1.986139371486692e-06,1191.891891891892,604.1095890410959,86.1328125,602.9296875,86.1328125,0.0159317128529668,0.5949009935548033,0.023219954648526,599.3010475727866,207.42167805274963,1807.3865424748883,1165.669153036818,727.0023895110293,3009.430949045065,1019.5342166965517,-0.0031044875440558,12.008983466510625,3.644375124993173,0.9770169458310598,1.4032988255582526,0.6747727484105535,1.367211350303681,0.2227291712546459,0.3688041674688241,0.3833943948646907,0.3054867302079986,0.3607047021467277,1.0512093368842292,1.566116862226283,0.7952552626160758,0.1983382620651886,0.2044256780100289,0.1690355016520225,0.1156905293007844,0.1597760658961305,0.3732550577509989,0.1176727816492805,0.1090925583578196,0.097410380064232,0.1095915962314063,0.196500826291519,0.2680279076295274,OK,594.9269772692397,594.9269772692397,1.001241589078089,3.413319701129435,28.39191538857707,0.0,1174.7919769346363,587.3959884673183,0.98856719460034,0.0,24.97859568744764,0.0,1805.086938536008,601.6956461786692,1.0126330254623122,4.703024620919194,29.681620308366828,0.0,2328.170245233648,582.042561308412,0.9795575612833232,-9.07629572376556,15.902299963682072,0.0,3003.422543852313,600.6845087704627,1.0109313160693107,-7.905160878828688,17.073434808618945,0.0,3563.5911658523564,593.9318609753927,0.999566842668131,-7.33878213258447,17.639813554863164,0.0,4224.547652638836,603.5068075198336,1.0156811475488712,-10.441789556795978,14.536806130651655,0.0,4714.63645371888,589.32955671486,0.991821323289622,-13.400226218322114,11.57836946912552,0.0,594.1892384005235,7.099901461480922,0.0119488893481021,8.0,0.05,0.0,0.0,4.804610398423392e-07,1,01-09_gambiae
gambiae_female,sf2_data_final/2024-01-09_330026_gambiae_female/002/3_021.wav,6920.0,OK,0.0377324263038548,16.0,1411200.0,44100.0,2.0,2024.0,1.0,10.0,1.0,6.0,9.0,73.4,32.0,0.0,31.0,1009.7,678.4615384615385,648.5294117647059,689.0625,689.0625,678.9518521070352,0.052876074854611,3.8877102716552496,0.0348299319727891,689.780007349632,1332.664170014658,1982.840334497985,124.31469586854506,55.47388065896534,3281.532983037976,1239.2526148332777,-0.002929246766871,0.7966733871971892,1.2455228039346131,6.779105571841479,4.710373613962892,2.630272786360504,4.346061635080673,7.226410947932614,2.3215762074057444,1.7997071035274934,1.4307287717571442,1.3114527303078072,2.0553754077235085,4.289711004142449,7.017364302724717,7.981068220670462,5.311323790862103,2.069886995907324,1.0152766389593122,0.2972112922872507,0.491897733167311,0.3991561789478738,1.5269034308050848,0.7093552959933073,0.3438900206676402,0.3178029693389883,0.356527857124426,OK,664.2530374294375,664.2530374294375,1.0,4.217501820013297,42.8091588353791,1.0,1320.9965979026829,660.4982989513413,0.9943474274613384,0.0,38.59165701536581,0.0,1986.2311756633603,662.0770585544535,0.99672417173521,-1.2972401765592636,37.29441683880654,0.0,2700.4002559141145,675.1000639785286,1.0163296604424534,-14.765640510118969,23.82601650524684,0.0,3291.215026770391,658.2430053540782,0.9909521948162746,-13.24722150324554,25.344435512120263,0.0,4029.032378861258,671.5053964768764,1.0109180668190911,-19.622520472903496,18.96913654246231,0.0,4606.660808829431,658.0944012613472,0.9907284787256324,-22.12970011085722,16.461956904508583,0.0,5314.0242994355,664.2530374294375,1.0,-27.00099420459753,11.590662810768276,1.0,664.2530374294375,6.622397939451224,0.0099696916179396,6.0,0.05,0.0,0.0,6.648165043980743e-06,711.2903225806451,658.2089552238806,86.1328125,689.0625,86.1328125,0.0400642590050564,3.742496406447001,0.0348299319727891,42.51924121062282,689.4513575437785,1332.900367046599,1982.764488853476,3311.1561482585525,2709.682811547744,1232.52336869767,-0.002929246766871,7.847886641263472,1.91866221961476,5.143115515389411,3.262732750545974,1.8027333057803807,2.9481516185315444,4.912862968635546,1.623655354775651,1.1521031001596878,0.9715531786481196,0.9276728301585794,1.4302071558142857,2.942343584342272,4.811712043012659,5.442331817043413,3.5927469823455938,1.4347303618336322,0.6543299991664259,0.1566645850507497,0.2871955058212069,0.2649081176178756,1.0857970758494302,0.5180796655238316,0.2500642158531437,0.2584506685581806,0.2583497851003112,OK,693.5097951941359,693.5097951941359,1.0374577097344029,7.624718798748375,43.06855774599136,0.0,1322.161231940678,661.080615970339,0.9889451981026548,0.0,35.44383894724298,0.0,1986.7986164404767,662.2662054801589,0.9907187836901497,0.1810771379211431,35.624916085164124,0.0,2698.832249886285,674.7080624715712,1.009331210722331,-11.184698935536868,24.259140011706112,0.0,3294.629768995684,658.9259537991368,0.9857219258477028,-7.998412907996489,27.44542603924649,0.0,4032.595091248661,672.099181874777,1.0054284492794832,-13.043648906899971,22.40019004034301,0.0,4596.9220765268,656.7031537895429,0.9823967226232762,-13.908205037504814,21.535633909738166,0.0,5347.76339266247,668.4704240828088,1.0,-16.461238028924765,18.982600918318216,1.0,668.4704240828088,11.9625205000079,0.0178953624110167,7.0,0.05,0.0,0.0,3.598777066844588e-06,1191.891891891892,658.2089552238806,86.1328125,172.265625,86.1328125,0.0210954867672977,1.352280007113512,0.023219954648526,42.62183221923692,688.8229729497984,1983.0678429460504,1332.43595331479,3309.2824403732584,2710.565259925706,1232.2894965431656,-0.002929246766871,4.130754859764272,1.1177705075825797,1.942976858880823,1.1744731953908352,0.6085946092291087,1.072754503915718,1.5486352487141273,0.465693651721343,0.3502861619400129,0.3130918680851543,0.3603835871594225,0.5346826586727849,1.0166795151985148,1.558832233336389,1.735316680726689,1.1387623253775565,0.4460402806201339,0.2963117129772713,0.09991177235686,0.1744764998491346,0.1281306988712713,0.4065804499921945,0.202748575657046,0.1195066841488378,0.1221050949719105,0.092264308192641,OK,686.5523695924398,686.5523695924398,1.0294769198385167,11.812163833407125,43.08231029388656,0.0,1320.1702670237764,660.0851335118882,0.9897896215585326,0.0,31.270146460479435,0.0,1986.7534538485763,662.2511512828588,0.9930375388361292,1.2007671006275835,32.47091356110702,0.0,2693.0175102283474,673.2543775570869,1.0095367426766215,-9.545351925434089,21.724794535045348,0.0,3292.127586432317,658.4255172864634,0.9873010472333452,-6.891711828872001,24.37843463160744,0.0,4024.573694372024,670.7622823953374,1.0057998763213494,-12.578728284029395,18.69141817645004,0.0,4598.508675456588,656.9298107795126,0.9850582535355064,-15.20040488169898,16.069741578780455,0.0,5335.155019892099,666.8943774865123,1.0,-15.180755360238033,16.089391100241404,1.0,666.8943774865123,9.861805678971756,0.0147876575540198,7.0,0.05,0.0,0.0,6.403244277372813e-07,3,01-09_gambiae
gambiae_female,sf2_data_final/2024-01-09_330026_gambiae_female/002/3_002.wav,8456.0,OK,0.0464399092970521,16.0,1411200.0,44100.0,2.0,2024.0,1.0,9.0,20.0,19.0,7.0,74.9,32.0,0.0,32.0,1009.6,689.0625,648.5294117647059,689.0625,689.0625,673.4492546126182,0.0645464477899885,3.351309912639996,0.0348299319727891,683.8291296265245,1338.2037558185789,78.28595359477421,1972.5190704973056,170.80735836258714,2195.6907279944967,904.9600352082284,-0.0033180906008262,1.451198812558737,0.8551648929622002,6.119545554252541,5.8909605153206215,2.210783049106411,2.843491601231137,7.702848670287135,2.537786687603231,2.6702044185468914,2.4682342827925847,1.2356289577432944,1.3667049395689026,2.607960873719588,7.490659157434002,7.887222396468557,5.398874236971871,2.552436277013161,1.3578793601914825,0.8885564118096332,0.6211279812092372,0.4761060301244116,0.7989062038253512,0.2886798370275431,0.5917639757428764,0.550317847651826,0.3925224864800132,OK,672.8585366912372,672.8585366912372,1.0306872076659026,4.449672791768293,47.2908072341786,0.0,1342.8355458955684,671.4177729477842,1.0284802404080475,0.0,42.84113444241031,0.0,1963.4532521232627,654.4844173744209,1.002541663395785,-13.224222777025195,29.61691166538511,0.0,2650.582157510129,662.6455393775324,1.015042900416826,-17.443062182251886,25.398072260158425,0.0,3268.643508557408,653.7287017114816,1.0013840553341349,-27.880702533417,14.960431908993314,0.0,3728.011178644052,621.3351964406753,0.9517635635465732,-29.29330886992605,13.547825572484255,0.0,4433.141471258129,633.305924465447,0.9701003692327316,-35.03001847026572,7.811115972144591,0.0,5222.601244581232,652.825155572654,1.0,-39.83795907677912,3.003175365631193,1.0,652.825155572654,17.807097992805147,0.0272769788982547,7.0,0.05,0.0,0.0,1.0465051673236305e-05,1191.891891891892,711.2903225806451,86.1328125,689.0625,86.1328125,0.0473110990329068,0.9618535234119202,0.0348299319727891,683.7821491992116,1338.0781587690135,1972.8440480927864,2196.51368784728,2662.805500785348,3266.191846461477,921.9619656405572,-0.0033180906008262,9.9421816867861,2.72957856942163,4.5665140204409695,4.133424683665464,1.5381271744670404,1.9424862995047023,5.192034643684792,1.6914567289326063,1.804715734609298,1.6542730889851625,0.8480003725675098,0.969922514740648,1.7596908576017856,5.098027630804841,5.324900230463059,3.65155620063221,1.720111362943745,0.9219945279790336,0.6302446503294568,0.4075011196004323,0.3170292714714522,0.590067441266538,0.1956014694450499,0.435613732468045,0.3932864631876818,0.2661056314604544,OK,673.5503727243221,673.5503727243221,1.027552818152819,3.40014120544744,41.717267046466574,0.0,1343.0729594077343,671.5364797038671,1.0244804696954102,0.0,38.317125841019134,0.0,1963.9491575491888,654.649719183063,0.9987184197206772,-11.910184413822606,26.40694142719653,0.0,2650.195648551767,662.5489121379418,1.0107692451832009,-16.396835207867937,21.9202906331512,0.0,3254.4711409592064,650.8942281918413,0.9929891298147584,-26.05919039807757,12.25793544294156,0.0,3718.553878946968,619.7589798244948,0.9454899174331338,-25.434049166909105,12.883076674110027,0.0,4588.4284737264525,655.4897819609217,1.0,-34.41589232111923,3.901233519899904,1.0,5243.918255687374,655.4897819609217,1.0,-30.42972324255272,7.887402598466416,1.0,655.4897819609217,17.944487580964495,0.0273756938319967,6.0,0.05,0.0,0.0,5.323915047483752e-06,1191.891891891892,711.2903225806451,86.1328125,172.265625,86.1328125,0.0188444372920624,0.8609077086357253,0.0348299319727891,682.9466915958297,1338.7509866061464,1972.4716414671805,2663.0998839648755,2196.247117286942,3268.707152928041,922.819586868208,-0.0033180906008262,5.359456103523509,1.4565354358120006,1.834164496371636,1.4972022707705306,0.5229261586842228,0.6612651910004419,1.6185320400164205,0.5244489143599893,0.50217698234671,0.5012613495051133,0.2979584313064375,0.3635096303752255,0.627816642473658,1.650496412811275,1.6873488084034567,1.151546316496047,0.5358205409399444,0.3049171581657336,0.2188319763207401,0.1824593752665577,0.155573659937471,0.2341402994896864,0.0948497884580722,0.1795530188524048,0.1708648963645492,0.1159663851333839,OK,673.1839191298658,673.1839191298658,1.0261961278651466,3.8336206403489967,39.00588133282262,0.0,1344.245587508908,672.1227937544539,1.0245785569153911,0.0,35.17226069247362,0.0,1963.6131860339224,654.5377286779741,0.997772025777414,-10.072545013395157,25.099715679078464,0.0,2650.2288988040305,662.5572247010076,1.0099968807277582,-11.355433414383027,23.816827278090592,0.0,3262.529379251423,652.5058758502846,0.99467468574163,-19.60766925479633,15.56459143767729,0.0,3722.14048739362,620.3567478989366,0.9456668148160176,-20.143302132719555,15.028958559754066,0.0,4597.1145997400445,656.7306571057206,1.001114908156642,-27.074870479467897,8.097390213005724,0.0,5247.994225277993,655.9992781597491,1.0,-31.10354684541236,4.068713847061268,1.0,655.9992781597491,16.403619671896017,0.0250055453077821,7.0,0.05,0.0,0.0,7.601653351230198e-07,3,01-09_gambiae
gambiae_female,sf2_data_final/2024-01-09_330026_gambiae_female/002/3_032.wav,6920.0,OK,0.0377324263038548,16.0,1411200.0,44100.0,2.0,2024.0,1.0,10.0,3.0,11.0,1.0,72.5,32.0,0.0,33.6,1009.4,630.0,630.0,645.99609375,645.99609375,631.2314543876713,0.0492139700705156,3.34222890742287,0.0348299319727891,607.4129207722453,1285.3110596570082,1930.4946161650728,76.74772775849866,2535.261139723079,3832.765707859121,1363.771929217115,-0.0026692164468888,0.8616101190897214,1.154241332281058,2.4360618386991586,4.955383310962808,1.2904167153540884,7.3192188276754,1.8926381397877703,0.8434320303707045,3.1267914412027515,1.2413208519507355,0.9270118628983548,3.48541271595517,7.651158610158249,8.960747256529363,1.9378035308116697,1.4089532330329189,0.5659561465869516,0.2934877932127627,0.3041783205690015,0.4938960653085981,1.0659808745953392,0.6129253385612714,0.1509382855236389,0.1423596114262525,0.1893820665926511,0.413627406921332,OK,613.4434039239599,613.4434039239599,0.9679222025828528,2.7768143454785985,45.496587379459335,0.0,1277.637898850676,638.818949425338,1.007961028880967,0.0,42.719773033980736,0.0,1920.539522538554,640.1798408461847,1.0101083125800274,-7.649183126797439,35.0705899071833,0.0,2515.9389002177595,628.9847250544399,0.9924440894976664,-19.02039409974512,23.69937893423561,0.0,3231.2744004861256,646.2548800972252,1.0196938184882027,-28.53295097482665,14.186822059154084,0.0,3836.370519445292,639.3950865742154,1.0088700873769327,-25.5705245735943,17.149248460386435,0.0,4405.361368023911,629.3373382891301,0.9930004605933502,-31.56226401928683,11.157509014693908,0.0,5070.187684811993,633.7734606014991,1.0,-33.66190563559405,9.057867398386684,1.0,633.7734606014991,10.06982444405288,0.0158886811613977,7.0,0.05,0.0,0.0,5.866614698718947e-06,1191.891891891892,621.1267605633802,86.1328125,645.99609375,86.1328125,0.037266788594639,1.10942605414774,0.0348299319727891,607.434218473371,1285.368335225805,1930.177244746092,2535.2713001909565,3827.526561520476,3234.111322657827,1205.6698074783935,-0.0026692164468888,8.63005560970802,2.372623348412948,1.9403606525031687,3.5231909597451763,0.922623136929592,4.99955794113541,1.360571830996936,0.5395857126254243,2.0621344755665816,0.8340137808634009,0.6153402461803839,2.409173046715285,5.230557179594207,6.1120512590995855,1.3721871482823238,0.9236979096028576,0.3551891162467693,0.2117385238575365,0.2071897090706828,0.3075501251473398,0.7776207629850167,0.3773198770667891,0.1060354134689953,0.0932612241263782,0.1377290699261921,0.2819674664746713,OK,612.5915006984493,612.5915006984493,0.9641117159060548,4.469172043924182,47.90703711194849,0.0,1276.932925523923,638.4664627619613,1.0048343737385808,0.0,43.43786506802431,0.0,1920.69808120407,640.23269373469,1.0076141119031854,-7.484135658380119,35.95372940964419,0.0,2526.6146237623525,631.6536559405881,0.9941122091848746,-16.26919413854554,27.16867092947877,0.0,3243.011515527396,648.6023031054791,1.0207864109682796,-25.98919026713272,17.44867480089159,0.0,3821.246416074213,636.8744026790354,1.002328750045426,-18.870745799410592,24.56711926861372,0.0,4475.3944993419855,639.3420713345694,1.006212428253599,-25.38173715325853,18.05612791476577,0.0,5083.157817434026,635.3947271792532,1.0,-24.87645970657452,18.56140536144979,1.0,635.3947271792532,10.413145943890829,0.0163884676697248,7.0,0.05,0.0,0.0,3.134171353079952e-06,1191.891891891892,648.5294117647059,86.1328125,645.99609375,86.1328125,0.0163447869458119,1.083251894153788,0.0348299319727891,606.5033245142927,1285.501661691447,1930.646725318673,2537.278702129572,3832.852074809409,3230.8157802365413,1206.8389576419324,-0.0026692164468888,4.715726616114214,1.2719146653049067,0.7450986638831758,1.2632030577545894,0.3528208188664272,1.7662825548537826,0.4333002808677826,0.1978751572372329,0.5734663323726356,0.3123674489588309,0.2691972981878678,0.8956764407866119,1.8116075286770457,1.9791540015483369,0.4372537944205431,0.3305861363231382,0.1570544168625541,0.0916172937946987,0.1012269558486386,0.1409813470121037,0.2973486810129583,0.1714663389392242,0.0774305659622765,0.0686972495046237,0.0659278283277554,0.0998814602250542,OK,611.4190704036886,611.4190704036886,0.9630510427138452,3.236917504476942,34.96109473444396,0.0,1282.334827814251,641.1674139071255,1.0099078952668397,0.0,31.72417722996702,0.0,1920.163046566529,640.0543488555096,1.0081546976476368,-0.6879367577812516,31.036240472185767,0.0,2519.4913176485943,629.8728294121486,0.992117705360389,-10.295286620193975,21.42889060977304,0.0,3230.7963761094065,646.1592752218813,1.0177706157428046,-15.969558276449582,15.754618953517436,0.0,3834.807764577097,639.1346274295162,1.0067060371115424,-13.283755658292629,18.440421571674392,0.0,4454.325821250693,636.3322601786704,1.0022920061569431,-18.350869154568272,13.373308075398748,0.0,5079.016943324045,634.8771179155057,1.0,-17.815320158988648,13.908857070978373,1.0,634.8771179155057,10.618214405401732,0.0167248339966394,7.0,0.05,0.0,0.0,5.423537983845633e-07,3,01-09_gambiae
gambiae_female,sf2_data_final/2024-01-09_330026_gambiae_female/002/3_065.wav,7432.0,OK,0.0406349206349206,16.0,1411200.0,44100.0,2.0,2024.0,1.0,10.0,8.0,0.0,10.0,78.9,31.0,9.0,13.3,1011.7,648.5294117647059,639.1304347826087,645.99609375,645.99609375,649.1790772832688,0.0532500444984202,2.471655742787011,0.0348299319727891,648.8069431235863,89.36138335674706,1291.846378116176,1902.7409851889013,2583.1930159526146,3231.692968318,1183.1200665325896,-0.0031462220102734,4.246801372253823,2.83419723408787,6.79668505737551,7.207367649227301,0.949222811604414,5.110307634421,6.264398659323144,0.7331565908972993,2.482650782333019,1.0262244096437203,0.4621959841973826,1.5935689068443797,5.030337930379142,9.831938502874396,6.267051001606363,2.505254161188004,0.5687838352378762,0.2900492004205324,0.4110932656428437,0.2077314087584238,0.7543620863057314,0.4526724674930196,0.2059444837281678,0.2391583637573006,0.1357921225053387,0.1820043736532538,OK,657.7563172614432,657.7563172614432,1.030257172108883,2.725569892098818,40.67195723443673,0.0,1294.4989751889857,647.2494875944928,1.0138001099166556,0.0,37.94638734233792,0.0,1913.4204788415063,637.8068262805022,0.9990098763799594,-8.8131889186356,29.133198423702314,0.0,2575.5542415519035,643.8885603879759,1.00853582089566,-15.41543041734854,22.530956924989376,0.0,3240.121104725383,648.0242209450765,1.0150135906084623,-20.375626425636245,17.57076091670167,0.0,3838.693588866406,639.7822648110676,1.002104046151903,-22.20526254143994,15.741124800897976,0.0,4440.528450998564,634.3612072855092,0.9936129328785636,-26.763026678571347,11.183360663766567,0.0,4789.142349041324,598.6427936301654,0.9376664510599132,-29.873820529175525,8.072566813162389,0.0,638.438959774529,16.48835970322791,0.0258260550218472,8.0,0.05,0.0,0.0,5.940979463048279e-06,1191.891891891892,639.1304347826087,86.1328125,645.99609375,86.1328125,0.0409425455726769,0.6619128200536677,0.0348299319727891,42.60035637844616,648.690801129858,1291.9576893796732,1901.8992702536127,2583.955453522035,3230.369726289693,1195.0849927183165,-0.0031462220102734,25.68074272175133,8.373312299145626,5.84548779452859,5.102216763681758,0.6114268516054434,3.504024100595006,4.216285773232388,0.5169290930635249,1.642526755576731,0.6963637047469654,0.2882835031415251,1.1192233073084952,3.4387460964365824,6.712457933699622,4.256406238797185,1.6844629036829135,0.405106137439494,0.2062252234150406,0.2834216148296215,0.1164628980917149,0.5030314621103581,0.2809183320376326,0.1104914899591651,0.1561788568651108,0.116579535088578,0.1415221432721172,OK,659.640849351584,659.640849351584,1.02195336237936,-1.08599790216239,42.26093535477356,0.0,1296.5345608579555,648.2672804289778,1.0043327783689302,0.0,43.34693325693595,0.0,1911.3936414757936,637.1312138252646,0.987080146545822,-7.472286277407299,35.87464697952865,0.0,2582.0645092642044,645.5161273160511,1.0000705344873702,-13.701100995955535,29.645832260980413,0.0,3230.054430594973,646.0108861189946,1.0008370431454254,-19.15172614542701,24.195207111508942,0.0,3845.379541547976,640.8965902579959,0.992913683249676,-26.528856807825004,16.818076449110944,0.0,4485.818738440279,640.8312483486113,0.9928124518234148,-24.833898585459306,18.51303467147665,0.0,5163.764795025692,645.4705993782114,1.0,-29.726513760109,13.620419496826957,1.0,645.4705993782114,6.7707551865287074,0.0104896415004045,7.0,0.05,0.0,0.0,3.372560188706432e-06,1191.891891891892,639.1304347826087,86.1328125,645.99609375,86.1328125,0.0179774083097872,0.5773390772901816,0.0348299319727891,43.32688811329507,647.9900884821596,1291.8862215399809,1903.4697401338428,2583.6662197875626,295.6676046419778,984.5687364431664,-0.0031462220102734,14.192392235492964,5.243126631269105,2.751331364874972,1.985606969728941,0.273078637093068,1.2296369368396591,1.3909950053820417,0.1690518363562377,0.4620028260096654,0.258692102115137,0.1511391175227059,0.4188849517733112,1.1609676031581944,2.178863935898257,1.3837792357438186,0.5504321454703807,0.142084811105921,0.1131689928226431,0.1418463738694052,0.0744652313481981,0.2114977064504111,0.1351988171112219,0.0848824883494229,0.1163142550385875,0.0655867955919791,0.0506009053347163,OK,652.5481746442332,652.5481746442332,1.0167225121503758,5.040418436310741,34.714448725415544,0.0,1294.7450343909202,647.3725171954601,1.0086584217922725,0.0,29.6740302891048,0.0,1914.767496221128,638.2558320737093,0.9944538935143044,-5.816736443890594,23.85729384521421,0.0,2598.526959943654,649.6317399859136,1.01217847251078,-6.909939260696927,22.76409102840788,0.0,3243.49737914604,648.6994758292079,1.0107259300131932,-6.67260076519301,23.001429523911792,0.0,3837.193106275553,639.5321843792588,0.9964425530078272,-10.111463607176674,19.56256668192813,0.0,4436.95756089149,633.8510801273558,0.9875909358993554,-14.72586919495377,14.948161094151033,0.0,4997.058121279048,624.632265159881,0.97322728111189,-15.633389229472808,14.040641059631994,0.0,641.8154086743775,8.882101280420859,0.0138390277958053,8.0,0.05,0.0,0.0,6.206955731613562e-07,3,01-09_gambiae
gambiae_female,sf2_data_final/2024-01-09_330026_gambiae_female/002/2_009.wav,7432.0,OK,0.0406349206349206,16.0,1411200.0,44100.0,2.0,2024.0,1.0,9.0,23.0,5.0,54.0,73.8,32.0,0.0,22.4,1010.7,537.8048780487804,525.0,516.796875,516.796875,533.3940178711686,0.0548151979989633,3.8791650558827215,0.0348299319727891,552.957713004991,1073.2965066123202,1558.70257868727,2146.011178478981,2669.246307459625,93.50215594229196,970.3837245618106,-0.003081832091984,0.6133289061893384,7.152893414232008,6.992750228879688,1.606912788188344,8.30331394167209,3.942917784568349,1.698640091770658,2.2561752436685705,1.019948600244844,3.260163311972989,10.376783342488912,9.45552064852385,3.889057024277861,1.0364027821970982,0.9223651229716892,0.6186836659762487,1.6972811569993351,1.3118271110434507,0.4797878334516016,0.6116231747489818,0.3050574436155688,0.6683365142561188,2.2787830269668827,2.8295230607449344,1.2945088206712958,0.613983648651268,OK,548.0833506311058,548.0833506311058,1.0258416214095865,9.040809733209493,45.0073044279973,0.0,1065.5246291276203,532.7623145638102,0.9971654055332028,0.0,35.966494694787805,0.0,1569.8663623490015,523.2887874496672,0.9794339083000728,-1.403120025858776,34.56337466892903,0.0,2139.6657341871173,534.9164335467793,1.0011972465071235,-2.605210120670052,33.361284574117754,0.0,2670.519560410609,534.1039120821217,0.9996764589557872,-3.439417253861798,32.52707744092601,0.0,3189.402133865886,531.567022310981,0.9949281900781288,-7.11872628656727,28.84776840822053,0.0,3728.597748683717,532.6568212405309,0.9969679548321808,-10.885714497535872,25.080780197251933,0.0,4294.684308408682,536.8355385510853,1.0047892143839174,-14.00864724171283,21.957847453074976,0.0,534.2767725470102,6.428494349866456,0.012032142664972,8.0,0.05,0.0,0.0,6.594895759397852e-06,544.4444444444445,525.0,516.796875,516.796875,533.7504668703597,0.0414977403629943,2.0453810208366034,0.0348299319727891,552.9835810591129,1073.47668156542,1558.4883807522062,2146.396517976142,2669.3315491042026,3187.483796294184,991.6593859434096,-0.003081832091984,2.3733486045488674,5.877030645136648,5.089895578883826,1.1544445787208644,5.751814849018131,2.790415559810932,1.1547762933951096,1.51174199016767,0.7266294699612379,2.304874275816134,7.18985808630188,6.608585292868864,2.722700387534635,0.6800406357170051,0.6392116742496865,0.4187928572413705,1.1511348576861278,0.8785957517026517,0.326280418608431,0.468648859685446,0.2125387484826566,0.4361183822480527,1.5796416607255592,2.0302913762794743,0.8792931498629495,0.412214719651498,OK,551.8425435659943,551.8425435659943,1.031955721839921,4.997723814579082,45.98102731480401,0.0,1068.4480402476988,534.2240201238494,0.9990087584561204,0.0,40.98330350022493,0.0,1568.555990312123,522.8519967707076,0.9777428653041756,-1.0215676171286034,39.96173588309632,0.0,2137.926223978256,534.4815559945639,0.9994903552783688,-4.494168734627557,36.48913476559737,0.0,2669.9225951643675,533.9845190328735,0.998560887004198,-5.787966723500361,35.19533677672457,0.0,3189.6236468541288,531.6039411423548,0.99410916249682,-10.529489118695428,30.4538143815295,0.0,3729.164105652327,532.7377293789039,0.9962293673844336,-16.574480654291,24.408822845933926,0.0,4290.451349955202,536.3064187444003,1.0029028822359627,-16.23973168683737,24.74357181338756,0.0,534.754090594206,7.508507086610134,0.0140410465645374,8.0,0.05,0.0,0.0,3.617891447252727e-06,551.25,525.0,129.19921875,129.19921875,138.84305423277212,0.0194203064189223,2.244215043590714,0.0348299319727891,551.8932582531348,1559.1633085491603,2145.838781711802,2669.00492195064,1072.90973095255,3189.358898843983,992.4124809109118,-0.003081832091984,1.3368125543504077,2.648574815296926,2.1483341100842988,0.4983978616693097,2.21940119103857,1.0482231588832882,0.3137950787273281,0.4748740123325887,0.3391355394449367,0.9605060528220042,2.6261644046719312,2.4249898855377587,1.0275245952772942,0.2888286353598509,0.2402520266586258,0.1711297273641772,0.3832343350223187,0.3147129911533746,0.1692401600602086,0.2183381372500851,0.1046566345138265,0.1284750134618687,0.4621819803661951,0.6693776874435619,0.2495541615007179,0.1319509190931387,OK,548.283278148206,548.283278148206,1.0262509140146332,11.15047522711927,39.46273615829546,0.0,1063.2419287691878,531.6209643845939,0.9950631769250418,0.0,28.3122609311762,0.0,1571.744729486798,523.9149098289327,0.9806393455838708,0.7460801069598979,29.05834103813609,0.0,2138.623090585861,534.6557726464654,1.0007435886332443,0.401540972216992,28.713801903393183,0.0,2670.3471913365383,534.0694382673076,0.9996461154537574,1.031355550461473,29.343616481637667,0.0,3193.2305341704,532.2050890284,0.9961565140255808,-0.1113531123926669,28.200907818783527,0.0,3727.98544391025,532.5693491300357,0.9968383189923584,-4.288204620229603,24.02405631094659,0.0,4293.993850647237,536.7492313309046,1.0046620263715131,-9.325482265525633,18.98677866565056,0.0,534.2585040956058,6.365020557633105,0.0119137468263754,8.0,0.05,0.0,0.0,7.394050304096059e-07,2,01-09_gambiae
gambiae_female,sf2_data_final/2024-01-09_330026_gambiae_female/002/1_064.wav,12040.0,OK,0.0667573696145124,16.0,1411200.0,44100.0,2.0,2024.0,1.0,10.0,7.0,58.0,35.0,78.8,31.0,11.6,13.5,1011.7,445.45454545454544,450.0,430.6640625,430.6640625,438.24714894524885,0.0583049520362359,2.2161853255146693,0.0580498866213151,436.97578062016186,868.1070583958909,1336.3543838598257,1765.4371535550945,83.93511399461516,2241.087501831056,815.3054055912748,-0.0031270823906745,1.4898876422382854,7.45321484229854,3.828539865302099,12.815147666107933,3.113608504318967,2.642914728727189,2.444088262584728,4.62739886698869,14.21047043824426,9.619055510635446,3.087775649079524,1.2237327013322052,0.8343596709409724,1.6047705621775143,1.5315520265880185,0.6047924226244128,0.3707999528963316,1.2585833456846705,3.2840057546952943,2.5399182847035724,1.3546969553560844,0.5812174343507109,0.3110136729462009,0.299637347817925,0.3137722397712955,0.2489674590050173,OK,444.5237622355635,444.5237622355635,0.9987546811858308,9.206686953018128,42.48561609782471,0.0,878.1749379472869,439.08746897364347,0.9865404334787208,0.0,33.27892914480658,0.0,1338.141141832073,446.0470472773577,1.002177193536174,-3.1690064796704043,30.10992266513617,0.0,1770.9560677530471,442.7390169382618,0.9947447207026388,-12.218208757937305,21.06072038686928,0.0,2250.249338748367,450.04986774967335,1.01117071879693,-18.661879435735585,14.617049709070995,0.0,2642.770710902531,440.4617851504218,0.9896282430214184,-17.72623584873931,15.552693296067272,0.0,3168.460649222976,452.6372356032823,1.0169840092782885,-22.58732728755072,10.69160185725586,0.0,3560.624210203661,445.0780262754576,1.0,-29.086714725082302,4.19221441972428,1.0,445.0780262754576,4.563433657501549,0.0102531093158871,7.0,0.05,0.0,0.0,6.554630248422694e-06,459.375,445.45454545454544,430.6640625,430.6640625,438.3608476293949,0.0429546355502421,1.37265005775696,0.0580498866213151,436.9104167143887,868.2846448087588,1336.2352084835732,1765.9519784830125,2241.561486491978,2627.2242653614167,828.8075332435642,-0.0031270823906745,7.388388111593522,6.439512359084653,3.078207916273129,9.27707837701585,2.1997596722660444,1.7686401023949303,1.7166531511845802,3.377123106043384,10.126825156176617,6.931760618393432,2.156145639688825,0.8910920819233203,0.5982500097088389,1.0790139640527514,1.0391524546199462,0.3912215647886415,0.2346334777201033,0.8174719954584222,2.1785418654182247,1.6983416565668268,0.9189826604978618,0.3961623277784498,0.2114438189224603,0.1837223113988696,0.2068873241868532,0.1721248496083008,OK,444.9716575184624,444.9716575184624,1.003182821686314,9.97107223192441,43.46193672227372,0.0,877.0103256294974,438.5051628147487,0.9886041933766628,0.0,33.49086449034931,0.0,1339.1588573233853,446.3862857744618,1.0063720827134208,-4.528907935252271,28.96195655509704,0.0,1774.100367120412,443.52509178010297,0.9999215580200952,-12.381105718005983,21.109758772343326,0.0,2246.2486021800223,449.24972043600445,1.012827658961806,-18.232376908170384,15.258487582178926,0.0,2640.731962261101,440.1219937101835,0.9922493176277613,-18.441136701529267,15.049727788820045,0.0,3155.29755439231,450.7567934846157,1.0162253355729969,-19.328636695703644,14.162227794645666,0.0,3479.699027577928,434.96237844724095,0.9806170320409432,-24.22616880079507,9.26469568955424,0.0,443.55988549572754,5.067531504466207,0.0114246839495025,8.0,0.05,0.0,0.0,3.5014577999549066e-06,464.2105263157895,445.45454545454544,430.6640625,430.6640625,437.7536626347839,0.0198706094331686,1.323423006660681,0.0580498866213151,436.2673552352513,867.6925873597119,1337.0066306298615,1764.7266330559298,2625.220877424398,2278.498227699379,834.7709086258951,-0.0031270823906745,3.920800406386206,3.213253220940316,1.493095042190954,4.122108068512693,0.9619236557632904,0.5576678444370959,0.6352413797957732,1.660943748831665,4.287065853296167,2.961875419066057,0.942864324697908,0.3304711559225325,0.2073168721950007,0.3251296756500841,0.3083813852371939,0.1502721721579756,0.1177045140307529,0.2651420290515443,0.6600127768161402,0.4934712908050415,0.2708106630556965,0.1285303591687711,0.0833947315739566,0.1068061090914103,0.0894475607851757,0.0821304528950098,OK,444.6236940690121,444.6236940690121,0.9852664724107036,11.40526514246116,39.391473333306,0.0,879.6245275464682,439.8122637732341,0.9746045553378916,0.0,27.98620819084484,0.0,1338.7076928401807,446.2358976133936,0.9888390442735386,-0.9333314557678278,27.05287673507701,0.0,1767.592911242857,441.8982278107143,0.9792269595331674,-8.158149334563078,19.828058856281764,0.0,2258.0113893599214,451.60227787198426,1.0007307059585218,-14.44020156433654,13.5460066265083,0.0,2633.202173576028,438.867028929338,0.9725099566633982,-13.936203910435257,14.050004280409585,0.0,3161.571590484647,451.6530843549496,1.0008432908812654,-17.284010124048777,10.702198066796065,0.0,3963.9021467081984,495.4877683385248,1.0979790149415125,-20.959972884648,7.026235306196845,0.0,451.2725303451439,17.31302703884529,0.0383649034112576,8.0,0.05,0.0,0.0,7.42271605185638e-07,1,01-09_gambiae
gambiae_female,sf2_data_final/2024-01-09_330026_gambiae_female/002/2_024.wav,6920.0,OK,0.0377324263038548,16.0,1411200.0,44100.0,2.0,2024.0,1.0,10.0,2.0,19.0,8.0,73.0,32.0,0.0,33.3,1009.5,595.9459459459459,580.2631578947369,602.9296875,602.9296875,600.8177119988918,0.0548543556051509,3.11898177504144,0.0348299319727891,603.5942319036916,1169.675840919037,1772.1265166168869,2365.0346883677694,2967.6896472712565,78.69392038214148,1087.0978107491762,-0.0028508317080299,0.3831824625313926,2.118719055791933,3.2467645408706645,5.095439443734942,2.1314903228360853,9.41040696497112,1.3586031952833326,3.170852498536296,1.0867992899608652,0.6018945431420659,2.060085527673094,6.24394473157977,11.10176168973187,5.187411066131766,1.2981233809587662,0.4627132903313702,0.7086468178987583,0.3760889707961774,0.853829831827236,1.4421844634635514,0.2379823771949125,0.4241202513350899,0.1795939750659271,0.3313850006675947,1.4019794334369298,3.693925308178561,OK,607.1036198336475,607.1036198336475,1.0237859184155471,5.082778960265813,42.96452735920659,0.0,1175.3302268332468,587.6651134166234,0.9910058978479998,0.0,37.88174839894078,0.0,1783.8112133661475,594.6037377887159,1.0027068096746656,-1.809483013284499,36.07226538565628,0.0,2360.30462359482,590.076155898705,0.9950717463476896,-0.971250964696992,36.91049743424379,0.0,2963.528699159982,592.7057398319964,0.9995061310461916,-1.2333970489631056,36.64835134997767,0.0,3511.164733754379,585.1941222923965,0.9868389552786136,-8.547826862627755,29.333921536313024,0.0,4150.395823083253,592.9136890118933,0.9998568050253432,-17.51355236744974,20.36819603149104,0.0,4749.8131950487,593.7266493810874,1.0012277363639488,-16.158255702535712,21.723492696405067,0.0,592.9986034318832,6.12421133322688,0.0103275307863863,8.0,0.05,0.0,0.0,7.008978103000957e-06,595.9459459459459,588.0,602.9296875,602.9296875,600.8446081005112,0.0403977791095062,1.8507909015471256,0.0348299319727891,603.497164709501,1169.7042558362118,1772.4840209614804,2365.8912379217813,2967.5704361816743,3497.9173947928025,1093.755357187768,-0.0028508317080299,2.666534238032481,1.7482926868060684,2.344453710330896,3.528216212060094,1.5076569053440156,6.406850171786743,0.889080362046576,2.11841665169584,0.7362902715463873,0.3777723014165624,1.401456504532164,4.254589100735118,7.622725436690847,3.5323773554901408,0.8314113531770062,0.3259662648297939,0.505339434401183,0.253111427956118,0.5915821574250979,0.9915085434192454,0.136454715729611,0.2963862290280698,0.1297842140032894,0.2218074199856912,0.928805253074974,2.527633515832878,OK,611.6881856948177,611.6881856948177,1.031461742614881,0.3086198141546887,48.17665574020319,0.0,1175.3055168720657,587.6527584360329,0.9909319036141844,0.0,47.8680359260485,0.0,1780.848795511426,593.6162651704753,1.000987891603255,-5.056344567340005,42.811691358708494,0.0,2352.980176125127,588.2450440312817,0.991930647658108,-14.28533169370155,33.58270423234695,0.0,2963.065070693695,592.613014138739,0.999296155385889,-17.34267159249111,30.525364333557388,0.0,3510.718123974157,585.1196873290262,0.9866605019436868,-21.58040454920394,26.28763137684456,0.0,4144.512852469605,592.073264638515,0.99838600055031,-27.064392989674047,20.80364293637445,0.0,4745.880830256838,593.2351037821047,1.0003451566296842,-23.9179883702303,23.9500475558182,0.0,593.0304154026242,7.615662013460931,0.0128419416874098,8.0,0.05,0.0,0.0,3.616950729897676e-06,604.1095890410959,588.0,602.9296875,602.9296875,600.5598734403704,0.0171398694723896,2.005419243277199,0.0348299319727891,602.5709391150755,1169.6408684054936,1771.790160319292,2365.705469864835,2967.159318905696,3499.148293697845,1094.2945390412792,-0.0028508317080299,1.4644293983569043,0.7708691026436739,0.9556247068993916,1.289674914397279,0.603483718721093,2.189737049960318,0.3557624399120089,0.5570176072141827,0.2468332691713438,0.1941148642741458,0.5714767171780745,1.5231308994126989,2.573035040521251,1.2634610063290634,0.3318628104639265,0.1531817936604625,0.2218752017764489,0.1217518828084828,0.2143149773148588,0.3463753943448902,0.1011543065826261,0.1683852985891661,0.0826721947552661,0.0717305137743355,0.260753139633733,0.7343023051994075,OK,607.5771828094064,607.5771828094064,1.0242316569186298,6.841915655896319,38.43917952926339,0.0,1175.6964243064467,587.8482121532234,0.990973271192153,0.0,31.59726387336708,0.0,1780.7996670294,593.5998890098,1.0006692401711592,-2.4537752151111327,29.14348865825594,0.0,2359.84352175582,589.960880438955,0.9945347310363306,-4.146947534964308,27.450316338402764,0.0,2963.0685415621915,592.6137083124383,0.9990067723921532,-3.340398760402256,28.256865112964817,0.0,3512.072598962968,585.3454331604946,0.9867541768167346,-9.245915940271978,22.35134793309509,0.0,4168.693715573234,595.5276736533191,1.0039190298529963,-14.839288789004607,16.757975084362464,0.0,4745.201367130505,593.1501708913131,0.9999111216198432,-12.697061804209444,18.90020206915763,0.0,593.2028938036187,6.259545352955905,0.0105521153358165,8.0,0.05,0.0,0.0,6.129617899065264e-07,2,01-09_gambiae
gambiae_female,sf2_data_final/2024-01-09_330026_gambiae_female/002/3_053.wav,6408.0,OK,0.0348299319727891,16.0,1411200.0,44100.0,2.0,2024.0,1.0,10.0,6.0,47.0,39.0,76.0,30.0,2.6,20.1,1010.9,639.1304347826087,639.1304347826087,645.99609375,645.99609375,644.2661630290437,0.0610287630375397,3.0124490619558806,0.023219954648526,642.1637055950702,1330.891884522102,92.97027539157271,1983.489605492255,1034.763123181276,300.4197694819561,700.7157200067192,-0.0021943718172868,3.1478122458957696,4.327322556732495,6.938717475892222,6.486688672016486,3.988225606420182,6.22617384854633,5.605347360247759,2.081556937303663,3.091545321320999,2.3124056804351514,2.97297093634433,4.526619047124691,5.90227716848129,7.890468279186239,5.554917114913746,2.0786530892856776,1.6075605830695865,1.1532922748034709,0.7386448954786162,0.6915659521823719,0.730994790285159,0.8059856941740446,0.6811954393517166,0.3418588164344444,0.439312377604023,0.4950215814365082,OK,633.6410326890682,633.6410326890682,0.9677314897037156,4.461526709002172,29.01555646601344,0.0,1325.1095660593082,662.5547830296541,1.0118901619590002,0.0,24.554029757011264,0.0,1995.501056876776,665.1670189589254,1.015879712567115,-4.420089237364131,20.133940519647133,0.0,2618.8390030810688,654.7097507702672,0.9999087965431092,-9.937771679507538,14.616258077503726,0.0,3300.681174748805,660.1362349497609,1.0081964221038926,-8.181017298631453,16.37301245837981,0.0,3914.44792594573,652.4079876576216,0.9963934171231676,-9.156427517125309,15.397602239885956,0.0,4583.386276064513,654.7694680092162,1.0,-18.3683910792354,6.185638677775863,1.0,5238.15574407373,654.7694680092162,1.0,-12.363988794197624,12.19004096281364,1.0,654.7694680092162,10.404432691491412,0.0158902227422506,6.0,0.05,0.0,0.0,6.461578474651712e-06,689.0625,648.5294117647059,86.1328125,645.99609375,86.1328125,0.0445544678370589,1.93754676062546,0.023219954648526,642.1168050196409,1330.6645135362485,1982.2237874891591,301.31479160361107,1548.4436077562473,2629.094200741657,855.3134015537133,-0.0021943718172868,13.73207328170562,6.803829712099573,6.048185602158371,4.70859275868344,2.7367110062681776,4.24210114651788,3.7813249466791,1.4249100063488862,2.085935319809249,1.6381459775284872,2.024108097328877,3.0866788302045456,4.012265590994983,5.353737634875186,3.748947156435054,1.4598802129140038,1.0721645895868777,0.7774484566276134,0.4631561979783468,0.5173322373342989,0.5371101713871721,0.5790120840251326,0.422082938134132,0.2214160872963284,0.3037100191886369,0.3303835394026375,OK,633.2384657578796,633.2384657578796,0.9581681062673778,4.166279252976594,27.308348887376496,0.0,1325.2714053296922,662.6357026648461,1.002649761030611,0.0,23.142069634399903,0.0,1992.1800053868035,664.0600017956011,1.0048049017472138,-4.166098893869588,18.975970740530315,0.0,2632.2974412287167,658.0743603071792,0.9957478859784504,-5.612433504923825,17.529636129476078,0.0,3299.09148437179,659.818296874358,0.9983866776633874,-6.793951794871308,16.348117839528594,0.0,4038.436718630148,673.072786438358,1.0184423594512566,-7.205627329864544,15.936442304535358,0.0,4727.044017853171,675.2920025504529,1.0218003078617013,-6.640261153707812,16.50180848069209,0.0,5287.076133015629,660.8845166269537,1.0,-9.110062501516715,14.032007132883187,1.0,660.8845166269537,12.776193609236422,0.019331960861247,7.0,0.05,0.0,0.0,3.405863632603238e-06,1191.891891891892,668.1818181818181,86.1328125,645.99609375,86.1328125,0.0183461983996973,2.37655212907537,0.023219954648526,640.8090286820537,1331.8478998769397,1984.0542431202443,2624.3884078103847,1035.3960297317628,3311.020215237344,1014.0486756366296,-0.0021943718172868,8.000959416829156,4.019238804701445,2.862886555971608,1.891993660850148,1.0477041268224874,1.529750044013788,1.2410546768594326,0.4414855423412891,0.6289661314787952,0.5561417876414299,0.7824282866643456,1.188445486255211,1.41881176920368,1.751839666492607,1.188928057497231,0.4370454119403173,0.3373010091576704,0.2749899688497352,0.194410591410097,0.1499796762221079,0.176090430866259,0.2042740592775845,0.1737469929576244,0.1129743487611897,0.1367920477535556,0.1027264546366403,OK,631.3236482657383,631.3236482657383,0.969101085041291,1.847845032568252,25.757711393130023,0.0,1330.5391822501144,665.2695911250572,1.0212091442722175,0.0,23.90986636056177,0.0,1991.504518563793,663.8348395212644,1.019006756733243,-7.900019006723944,16.009847353837827,0.0,2621.8244930266133,655.4561232566533,1.0061451713236151,-0.0985312948577714,23.811335065704,0.0,3302.8561757125567,660.5712351425113,1.013997024319,-2.0813027959089574,21.82856356465281,0.0,3925.700594422932,654.2834324038221,1.004345055042499,-5.359025101394902,18.55084125916687,0.0,4406.016777140892,629.4309681629845,0.966195763268135,-6.632508410695653,17.27735794986612,0.0,5211.622671860607,651.4528339825758,1.0,-8.38135378621157,15.528512574350202,1.0,651.4528339825758,13.843757659997957,0.0212505908913863,7.0,0.05,0.0,0.0,5.84971379187967e-07,3,01-09_gambiae
gambiae_female,sf2_data_final/2024-01-09_330026_gambiae_female/002/3_054.wav,8968.0,OK,0.0493424036281179,16.0,1411200.0,44100.0,2.0,2024.0,1.0,10.0,6.0,47.0,50.0,75.8,30.0,2.6,20.2,1010.9,639.1304347826087,639.1304347826087,645.99609375,645.99609375,641.5542415149257,0.076369017698385,3.1244397594793325,0.0464399092970521,642.2855748287684,1281.0959911711368,1938.9690478279567,2581.2919476012407,3227.178329267409,1413.074420366156,939.405151575603,-0.0021571098551773,0.2089841894731174,0.3178602519530819,6.284969850024974,11.338664039569307,0.4036851004485116,9.593200717932584,6.192629845149597,0.3686077415616312,3.838379310759405,1.114321328879674,0.3035258133464368,2.046173268961512,9.773181711997402,16.630460202332966,6.208920702438764,1.2857055233318204,0.2459269522516314,0.3286537682709916,0.3613062883162588,0.30173260807777,0.9867418093592284,1.0434254230309896,0.1724776825596115,0.2701021768298324,0.1781420345121,0.2444366194795337,OK,638.4118406798506,638.4118406798506,0.9939644755960948,8.98622863974019,53.06009653498271,0.0,1273.750431765572,636.8752158827859,0.9915720537090325,0.0,44.07386789524252,0.0,1942.7930515676096,647.5976838558698,1.0082662181603257,-8.134874761758518,35.938993133484,0.0,2583.849626548312,645.9624066370781,1.0057202010602986,-20.657123351912503,23.41674454333001,0.0,3224.251374580834,644.8502749161669,1.0039886864605818,-23.577275733317155,20.49659216192536,0.0,3848.971054216696,641.4951757027826,0.9987650217073512,-26.98322095394576,17.09064694129676,0.0,4485.782824332958,640.8261177618512,0.997723343306316,-29.468972592574183,14.604895302668329,0.0,5138.307103355868,642.2883879194835,1.0,-33.41239593248507,10.661471962757446,1.0,642.2883879194835,3.6906788283023566,0.0057461397367891,7.0,0.05,0.0,0.0,1.4569072364418605e-05,639.1304347826087,630.0,645.99609375,645.99609375,641.496081240356,0.0537450130214397,2.262838111597351,0.0464399092970521,642.2148518096731,1280.9322766415655,1938.6785168723368,2583.2261713574544,3226.900162373712,3834.907896377439,1199.8570920400782,-0.0021571098551773,3.1196264598145875,0.7506538998156671,4.345269751148487,7.768522039211213,0.2726424401539548,6.533104325180519,4.190489376887291,0.2442640456283611,2.556284933533437,0.7610678747321005,0.2002778958738758,1.405212938243364,6.6620217528290295,11.329262798616734,4.195937322043174,0.8393966153392284,0.1821059153962292,0.2416712793605416,0.2663572253142299,0.1961171709893136,0.7097872164125595,0.718526671893212,0.1104144350679309,0.2006249187596789,0.1300930042842402,0.1372437572407674,OK,639.3247565023808,639.3247565023808,0.994397911230555,4.502561206495933,50.93237336081667,0.0,1275.567875071004,637.783937535502,0.992001340244268,0.0,46.429812154320736,0.0,1942.5399146786729,647.5133048928909,1.0071342793012683,-3.8615475679618143,42.56826458635892,0.0,2588.079558830635,647.0198897076588,1.0063668273536095,-15.08227150836576,31.34754064595497,0.0,3224.709906769632,644.9419813539264,1.0031348741003303,-18.08471514381666,28.34509701050408,0.0,3878.927210095539,646.4878683492565,1.0055393278361195,-23.263682117155767,23.16613003716497,0.0,4461.895731801376,637.4136759716251,0.9914254399338492,-25.87337262767705,20.55643952664369,0.0,5143.411902072275,642.9264877590343,1.0,-32.28028569848271,14.149526455838028,1.0,642.9264877590343,4.214767604540868,0.0065555980112621,7.0,0.05,0.0,0.0,7.027717348297729e-06,648.5294117647059,630.0,645.99609375,645.99609375,641.3540387048696,0.020751590415163,2.772833277264948,0.0464399092970521,641.7822053295972,1281.5392835381556,1939.1869647489143,2582.8059057948303,3230.072361889771,3834.579204674581,1200.2551133309505,-0.0021571098551773,1.5946431082684476,0.3923096585991346,1.5028820751745444,2.739780070221721,0.0988860345613148,2.2545720379795595,1.442944270215492,0.1037610385701127,0.6996951506351315,0.2825923380021373,0.0864077665786079,0.531256726388179,2.256889141368396,3.731842979579717,1.4461903216519036,0.3152538375760403,0.0756267722331986,0.1291865455948049,0.1332560185336413,0.0920422885997981,0.2733694687013493,0.2748753685762832,0.0594590283531634,0.1174637979934164,0.0804658325387009,0.0793419047199453,OK,637.6991765702676,637.6991765702676,0.9929065323400976,9.457848180031675,43.64911334165196,0.0,1274.620620256824,637.310310128412,0.9923010618541503,0.0,34.19126516162028,0.0,1943.84793390178,647.9493113005934,1.0088661354022246,-5.151488778699552,29.039776382920728,0.0,2588.859631456017,647.2149078640042,1.0077226589852026,-13.312408775583418,20.878856386036865,0.0,3232.0151522240103,646.4030304448021,1.0064585544942406,-15.374460022490574,18.816805139129706,0.0,3837.8176909417343,639.6362818236224,0.9959226322984368,-16.574531678497387,17.616733483122893,0.0,4477.003460619051,639.5719229455788,0.9958224246256476,-19.71542530472956,14.475839856890724,0.0,5138.039932659749,642.2549915824686,1.0,-24.68886960501973,9.502395556600549,1.0,642.2549915824686,4.366988112030693,0.0067994615367188,7.0,0.05,0.0,0.0,9.481038218569558e-07,3,01-09_gambiae
gambiae_female,sf2_data_final/2024-01-09_330026_gambiae_female/002/1_045.wav,6408.0,OK,0.0348299319727891,16.0,1411200.0,44100.0,2.0,2024.0,1.0,10.0,4.0,59.0,26.0,68.6,31.0,0.0,28.2,1010.0,551.25,544.4444444444445,559.86328125,559.86328125,551.2861075283467,0.0475460424044578,3.467915628691479,0.023219954648526,517.170658945667,1120.5745267165717,86.26939199702323,1723.54305512292,2197.9105460579763,1420.6175715269858,778.2758181611688,-0.0013446174535696,2.61606831381168,6.45262276716263,6.694360491420436,4.84733066124345,6.002069169222203,4.020731161007204,3.071246370105742,3.268498369506175,3.378008253370802,4.410176697454136,5.7684191884183225,6.968239202495601,4.179805211855551,2.272965028525599,2.019123903169291,1.4354622662423744,0.8464409274333514,0.6762913331937535,0.9603101322677314,0.6213587374013094,0.5315089276717874,0.9392908791249608,1.2376174754654403,1.9101203456494569,2.531050342229062,2.017107942513033,OK,521.9153832262093,521.9153832262093,0.9234696059456672,0.4077609455275492,27.86488598756168,0.0,1125.40139109531,562.700695547655,0.9956345535757546,0.0,27.45712504203413,0.0,1746.704958112084,582.2349860373613,1.0301982474631577,-5.471970940263656,21.98515410177048,0.0,2343.46845957042,585.8671148926048,1.0366248842523664,-11.683778373266229,15.7733466687679,0.0,2879.355538554374,575.8711077108749,1.018938092274554,-14.510018670640653,12.947106371393478,0.0,3431.007288014375,571.8345480023958,1.0117958613245426,-9.657519307781572,17.799605734252555,0.0,3891.459436952146,555.9227767074494,0.9836418010306864,-7.319646263545653,20.137478778488475,0.0,4519.973071704877,564.9966339631096,0.9996969541332726,-8.61095831302898,18.846166729005148,0.0,565.1679057609574,18.845141004026768,0.0333443226551464,8.0,0.05,0.0,0.0,4.2312828251548735e-06,1191.891891891892,558.2278481012657,86.1328125,559.86328125,86.1328125,0.0353356948459595,1.270212206214882,0.023219954648526,39.04971987202226,516.8919201314607,1120.9443629163288,1723.046971044458,2196.497119936407,2328.386460968773,924.442838148628,-0.0013446174535696,13.34766332673192,7.535469278587973,5.483107030150689,3.534669560585012,4.212145029985377,2.793404417804707,2.0868385370785894,2.267098108837657,2.366944264391947,3.072853207879984,4.011608947255794,4.744759722522953,2.838188573437308,1.502291685876327,1.3611051387148942,0.9676269517355134,0.60544443920023,0.4344606942601929,0.6492303223045308,0.4075662450241265,0.3433684286230408,0.6470403080152592,0.814273653366227,1.2646311887599917,1.7010562426702842,1.3797780621951998,OK,531.3255112139932,531.3255112139932,0.9426856638239658,-1.0286731231504405,27.37601351280031,0.0,1126.9215790331032,563.4607895165516,0.9997005549207616,0.0,28.40468663595075,0.0,1739.5747746161992,579.8582582053997,1.028793188964742,-4.975772388426197,23.42891424752456,0.0,2341.094803742247,585.2737009355618,1.0384013484022951,-10.20738822923294,18.19729840671781,0.0,2864.752868895669,572.950573779134,1.016537472005128,-13.423130293711914,14.981556342238836,0.0,3352.394383784753,558.7323972974588,0.991311370769428,-6.932405065616837,21.472281570333912,0.0,3930.786355807149,561.5409079724499,0.9962942723883648,-2.245557188929496,26.15912944702125,0.0,4447.155088090891,555.8943860113613,0.9862761287253148,-2.480614233839124,25.924072402111623,0.0,563.6295656164888,15.61441008354787,0.0277033197619239,8.0,0.05,0.0,0.0,2.292455974384211e-06,1191.891891891892,558.2278481012657,86.1328125,258.3984375,86.1328125,0.0166118958634179,1.4248272851041148,0.023219954648526,40.10877353469234,515.2719401030245,1119.9188237215203,1725.2285950256148,2328.676456178943,2237.183001399082,932.5498066967305,-0.0013446174535696,7.5354647344083485,4.0596558389840185,2.4797040512920923,1.6320839910937164,1.737820535891871,1.0123916140408356,0.6694651756668071,0.7348983671491495,1.012176223855817,1.3458884887178697,1.5494931831882024,1.6542050330404912,0.959078422798628,0.5408439235486392,0.4667533261838783,0.3329577279622057,0.2023492583503276,0.1695486133876558,0.226673126911635,0.1593142986255041,0.1308348468955389,0.2041946581356457,0.2551530382320505,0.3636783222020457,0.4962748060172665,0.3929281228726887,OK,523.3750473763212,523.3750473763212,0.9288619839030284,2.473618194728168,27.07429474348482,0.0,1121.083240176322,560.5416200881609,0.9948235092700812,0.0,24.600676548756653,0.0,1744.9636662685105,581.6545554228368,1.0322937767184308,-6.579858689364077,18.020817859392576,0.0,2332.882188019078,583.2205470047695,1.0350730266174497,-12.15001954217704,12.450657006579611,0.0,2884.010402000102,576.8020804000205,1.023681827029335,-13.484697556889891,11.11597899186676,0.0,3349.630174547397,558.2716957578995,0.9907949518765142,-9.192006375592875,15.408670173163776,0.0,3913.958846751679,559.1369781073827,0.9923306152288394,-4.977022635400534,19.62365391335612,0.0,4517.31465794894,564.6643322436175,1.0021403093563206,-7.203447865812304,17.39722868294435,0.0,563.4583570501261,17.89521568837181,0.0317596064810514,8.0,0.05,0.0,0.0,4.936349190150698e-07,1,01-09_gambiae
gambiae_female,sf2_data_final/2024-01-09_330026_gambiae_female/002/1_022.wav,8456.0,OK,0.0464399092970521,16.0,1411200.0,44100.0,2.0,2024.0,1.0,10.0,1.0,33.0,43.0,73.4,32.0,0.0,32.0,1009.6,572.7272727272727,572.7272727272727,559.86328125,559.86328125,569.4467064967259,0.063422993685929,2.9459700066964323,0.0348299319727891,559.349681907066,1158.3181577643263,134.03319979689766,1765.8447903886963,2245.412924358233,2407.3465698966443,919.5960083764388,-0.0029304245589091,3.416223417642953,7.493505231224477,6.9836118391502415,3.409152158359515,5.721580216006087,6.544572778952244,1.450196847335972,3.4636177453053625,2.1546533531826864,2.2365953417817552,5.177806804566342,8.878452723135734,7.457286644190368,2.255480334930975,0.9481834149967584,0.7764150294670709,0.4683607447656516,0.8424043258914845,1.1319287555857789,1.13029344960255,0.6176997925743207,0.4218352586860006,0.6787732984350009,1.849644760942258,3.1263172450419763,3.2648108584840294,OK,564.333578260264,564.333578260264,0.9799743150248236,-0.2250244412517759,37.12425009358845,0.0,1151.4130887282015,575.7065443641008,0.9997236531765008,0.0,37.34927453484022,0.0,1769.9613968002957,589.9871322667652,1.0245221232431023,-6.527072620104928,30.82220191473529,0.0,2254.544968026316,563.636242006579,0.9787633794295084,-14.320859510218604,23.028415024621616,0.0,2886.6357364275286,577.3271472855057,1.0025378561568143,-18.002160817850736,19.347113716989483,0.0,3489.0235678534304,581.5039279755717,1.009790902853725,-23.135232237284352,14.214042297555867,0.0,4066.411066991883,580.9158667131262,1.0087697250343326,-21.211133573678907,16.138140961161312,0.0,4588.120202072032,573.515025259004,0.9959180450811936,-22.604831483544288,14.744443051295931,0.0,575.8656830163645,8.268501624032824,0.0143583857623234,8.0,0.05,0.0,0.0,6.719643806718523e-06,595.9459459459459,580.2631578947369,86.1328125,559.86328125,86.1328125,0.0485042356162313,1.8071412783897705,0.0348299319727891,38.78765113717667,559.1712477643578,1158.6412574265964,1765.7698543592069,2245.812304846891,2406.3556683766674,945.6861718116068,-0.0029304245589091,9.16141361070759,8.0666584214098,6.445240056768777,2.6340573159673264,4.2048684012128845,4.5565789769371605,0.9884085818900062,2.3273796449723734,1.4849447290836792,1.5784795240657132,3.6122686438290135,6.123239552855931,5.116245839022891,1.5821434366375269,0.6410054408434556,0.5700405199559663,0.3389030633574497,0.553542012596989,0.8045474304961795,0.7761578259873658,0.4332632027118747,0.3113255127474187,0.4789857783116265,1.188414927744419,2.078183035379043,2.2213950367648265,OK,561.698924794087,561.698924794087,0.9745992772730104,0.2836902076180507,36.5193330435605,0.0,1153.082846148504,576.5414230742521,1.000352376412514,0.0,36.23564283594245,0.0,1768.4832667108742,589.494422236958,1.0228270208621522,-5.9964030479596175,30.239239787982832,0.0,2256.5037961171697,564.1259490292924,0.9788103874623744,-12.783071483847053,23.4525713520954,0.0,2903.024402736471,580.6048805472942,1.0074028487236515,-12.24245824059355,23.9931845953489,0.0,3464.84670894412,577.4744514906866,1.00197126649792,-16.212299245817036,20.02334359012541,0.0,4055.652383179276,579.3789118827536,1.005275680374774,-18.574306608709414,17.661336227233036,0.0,4651.10173807623,581.3877172595287,1.0087611423936034,-22.51746653554555,13.718176300396898,0.0,576.3383350393566,8.593704956225245,0.014910868206673,8.0,0.05,0.0,0.0,3.9475316953030415e-06,1191.891891891892,565.3846153846154,86.1328125,559.86328125,86.1328125,0.0206517474576541,1.5521720229163605,0.0348299319727891,39.68646721121858,557.9528444785965,1157.7905764157474,1766.8201549842784,2246.9881311231748,2408.068740737585,946.3661936636022,-0.0029304245589091,5.629575175478657,4.812933383008267,3.544122483576239,1.3560542695330593,1.804952498213324,1.5996934485037106,0.318050152296005,0.650433101206702,0.535899803287117,0.66666087579903,1.415208371655963,2.113220326515715,1.7295027213139875,0.5391018678661419,0.2351340146821627,0.2180079219617375,0.1374957742103946,0.215096676339962,0.2725275702138174,0.2758789694635202,0.1738941899338384,0.1332835681913897,0.1517699293362534,0.3516507964222897,0.6024773614957676,0.6183932289931087,OK,567.0614219824762,567.0614219824762,0.9840253016958768,1.2605962665237342,35.60840208051318,0.0,1147.7687042360506,573.8843521180253,0.9958651758696678,0.0,34.347805813989446,0.0,1783.178597674333,594.3928658914443,1.0314537306027147,-6.236301664297713,28.111504149691733,0.0,2257.104265193941,564.2760662984853,0.9791918562153372,-11.910943898538536,22.43686191545091,0.0,2896.547171986963,579.3094343973926,1.0052793557446027,-13.886851281266228,20.460954532723218,0.0,3482.420843861305,580.4034739768841,1.0071778496035442,-17.897072461954195,16.45073335203525,0.0,4058.400123174912,579.7714461678446,1.0060810877161,-18.97406398850966,15.373741825479788,0.0,4568.302892018042,571.0378615022553,0.990925642552157,-23.118794136949,11.229011677040448,0.0,576.2671152918509,8.865248439866189,0.0153839221510607,8.0,0.05,0.0,0.0,7.360141580647905e-07,1,01-09_gambiae
gambiae_female,sf2_data_final/2024-01-09_330026_gambiae_female/002/3_016.wav,6920.0,OK,0.0377324263038548,16.0,1411200.0,44100.0,2.0,2024.0,1.0,10.0,0.0,6.0,0.0,73.5,32.0,0.0,28.3,1010.0,689.0625,711.2903225806451,172.265625,172.265625,180.5453033651187,0.0382415584102984,4.233004750292361,0.0348299319727891,651.1773716204654,86.67364949885315,1337.6093253429656,1984.916386556604,2156.395263762298,296.2592927179656,875.0447682405472,-0.0030291720113432,4.062104299526395,3.2926721926478626,4.969001945422109,4.223777841825048,2.655953812246433,3.116679811248967,4.722942603088191,2.0129246196919945,1.9806241470843016,2.518272384166768,1.7134753760813115,1.8128630088953568,2.659795079210036,4.906884397222137,4.815548260998808,3.74306098599594,1.91899264907278,1.2013289625522947,0.6995310249196754,0.6083802472784068,0.7117380158294325,0.7916318932453802,0.4138246296626716,0.6141992557194151,0.4598992236162379,0.4290241892505274,OK,664.8096978182064,664.8096978182064,0.96545989777506,3.93197088830982,30.37940562240416,0.0,1346.0290820350233,673.0145410175116,0.9773752580690788,0.0,26.44743473409434,0.0,2002.455871334326,667.4852904447754,0.9693454869778236,-5.535017007192419,20.91241772690192,0.0,2881.543085065336,720.3857712663339,1.0461694156507166,-12.745446506935831,13.701988227158507,0.0,3559.9334226946385,711.9866845389276,1.0339719681106796,-13.774877429061975,12.672557305032363,0.0,4089.874819064517,681.6458031774195,0.9899098788935378,-14.923005209368204,11.524429524726138,0.0,4905.801583781502,700.8287976830717,1.0177680945231042,-14.768077222008856,11.679357512085485,0.0,5508.750383938566,688.5937979923208,1.0,-17.614298495259337,8.833136238835003,1.0,688.5937979923208,20.73607041876128,0.0301136467961515,7.0,0.05,0.0,0.0,3.9250254093741e-06,1191.891891891892,689.0625,86.1328125,645.99609375,86.1328125,0.0336498405724737,1.6643415177470946,0.0348299319727891,43.8050352729306,650.791247515678,1337.922013369163,1985.3565945590503,2157.097711329679,2886.1373805041985,1044.6081957457443,-0.0030291720113432,27.64196620834873,8.613016621477588,4.631086904872718,3.1624431859263327,1.936222868256568,2.161797796537437,3.2512021909223234,1.3152416617749043,1.3454876646104734,1.7323715775916515,1.1703351639850048,1.2379211469200426,1.809622317932623,3.319483779843156,3.302393505881159,2.595027160796862,1.2839890310293895,0.7905004462503507,0.4448190181389174,0.4266120774264972,0.4755665272675765,0.5476120937359442,0.3092795794254055,0.4208455359111875,0.3024018811512593,0.2965102056540232,OK,665.5732896690728,665.5732896690728,0.9647648435539948,2.9630333012754555,30.871512126143458,0.0,1348.2232039309538,674.1116019654769,0.9771413371043164,0.0,27.908478824868,0.0,2002.5250886138465,667.5083628712821,0.9675697797258224,-5.508891311502211,22.39958751336579,0.0,2883.481119177415,720.8702797943538,1.0449191899727774,-13.318002123308265,14.590476701559735,0.0,3539.1648289857867,707.8329657971574,1.0260212828690785,-13.53886421475218,14.36961461011582,0.0,4139.28820551071,689.8813675851184,1.0,-20.160068831122377,7.748409993745625,1.0,4923.741937893573,703.3917054133675,1.019583566774011,-14.50425494697276,13.40422387789524,0.0,5519.050940680947,689.8813675851184,1.0,-18.89005789963512,9.018420925232888,1.0,689.8813675851184,21.62260116216329,0.0313424918806717,6.0,0.05,0.0,0.0,2.7227355391145325e-06,1191.891891891892,678.4615384615385,86.1328125,645.99609375,86.1328125,0.0171998197346926,2.0076662073504545,0.0348299319727891,44.79263797815894,650.670551718319,1337.4686617390037,1457.2688667259165,1985.2343567640528,2156.479295387865,802.7086347818613,-0.0030291720113432,15.441976618187716,5.2213601489876655,2.277933593269463,1.224802987858582,0.727854131975419,0.7733710896086744,1.0266783965107449,0.4149908862874641,0.3926689502902311,0.5253894359868477,0.4307651478213545,0.482055423909453,0.6115300449550254,1.0888558790866802,1.01995010905452,0.7971760289636638,0.402146702866493,0.2582733545639716,0.1701264962184475,0.1312208999845645,0.18503621128303,0.2161165410721529,0.1138473870682101,0.1807565051529861,0.1251435076455573,0.1321806290718859,OK,668.3352100684292,668.3352100684292,0.97014317513216,0.6170852197088195,26.66964681497546,0.0,1343.825688284491,671.9128441422455,0.9753364033618648,0.0,26.05256159526664,0.0,2002.361682167814,667.453894055938,0.9688638729170852,-3.734183737869469,22.318377857397174,0.0,2900.285012151933,725.0712530379833,1.0525001780877312,-11.196604150712323,14.855957444554315,0.0,3547.2812445664645,709.4562489132929,1.0298337235107264,-10.2143444388411,15.838217156425545,0.0,4088.686328975415,681.4477214959026,0.989177057050342,-13.627431340397475,12.425130254869169,0.0,4890.540451002741,698.6486358575345,1.0141455899400895,-15.668021526667127,10.384540068599511,0.0,5511.229494367231,688.9036867959038,1.0,-22.37975024060865,3.672811354657988,1.0,688.9036867959038,20.883693863841216,0.030314388301464,7.0,0.05,0.0,0.0,6.130471424862312e-07,3,01-09_gambiae
gambiae_female,sf2_data_final/2024-01-09_330026_gambiae_female/002/4_057.wav,9992.0,OK,0.0551473922902494,16.0,1411200.0,44100.0,2.0,2024.0,1.0,10.0,6.0,55.0,0.0,76.0,30.0,5.2,20.5,1010.9,621.1267605633802,595.9459459459459,602.9296875,602.9296875,606.7260930191129,0.0625317714564231,2.7302341312202327,0.0464399092970521,600.962268275222,1289.2832333360068,1810.896327023309,1939.1080891123884,87.61454264985544,341.8320145608075,780.668364507807,-0.0021141786661803,1.1729150363300325,1.80318774061518,4.137577393089577,4.603971223452751,2.009195681064017,8.64721922321316,3.753731637512417,2.195389418169177,2.348351157360197,1.5208487231175325,1.5478234144327143,5.472767371818291,9.454138316780588,6.6662243131756345,3.734258422024748,2.0225954292783603,0.9161663207226096,0.7325507752903883,0.5191568446420494,1.087617129959301,0.7854553898584837,0.8372125668142919,0.5486976348890178,0.406968220706132,0.6759235409427198,1.5309016526330634,OK,599.7549072436325,599.7549072436325,0.985260676824553,5.594132932943484,34.0659829206701,0.0,1273.3251368283602,636.6625684141801,1.045891555848163,0.0,28.471849987726618,0.0,1807.1617217753887,602.3872405917964,0.9895850008190982,-2.170650198078796,26.30119978964782,0.0,2434.082446488973,608.5206116222432,0.999660732121484,-12.551004559909536,15.92084542781708,0.0,3025.6877209006284,605.1375441801257,0.9941031230423308,-14.11017830479464,14.361671682931975,0.0,3660.8221342087054,610.1370223681178,1.0023161267273006,-19.53808811624337,8.933761871483245,0.0,4240.669193658279,605.8098848083256,0.9952076255222544,-15.951689739127758,12.52016024859886,0.0,4811.258290032743,601.4072862540929,0.9879751590948176,-14.311999474382208,14.15985051334441,0.0,608.7271331853142,11.057179245583004,0.0181644264610378,8.0,0.05,0.0,0.0,7.420559995807707e-06,630.0,595.9459459459459,602.9296875,602.9296875,606.6391091857016,0.0446495427527888,1.7434852889360108,0.0464399092970521,34.087117858144985,600.937632882989,1289.4897995090596,1811.4057437996887,1939.245442068262,340.2955446838816,793.9488926587329,-0.0021141786661803,5.980508383981436,2.129315871250565,3.0399795112665053,3.2520164726658853,1.4278106382126452,5.914303817894622,2.555402079336652,1.4788413832691565,1.588262776738551,1.0367206297650238,1.055165454750033,3.757380549212974,6.449319721443939,4.548545304617461,2.522209575947568,1.359662108314979,0.6342134613153119,0.5179602775818813,0.3608595187217619,0.7594071786011614,0.5488656620381551,0.5991773923767325,0.3805870795699134,0.2957380141678363,0.4758395129736167,1.0431112928950017,OK,601.3379337492509,601.3379337492509,0.9908108256177812,5.488754567023346,33.468077369339966,0.0,1271.3020646103491,635.6510323051746,1.047347737064109,0.0,27.97932280231662,0.0,1808.607256330064,602.8690854433546,0.9933336694116564,-3.018374081294901,24.96094872102172,0.0,2389.017355594453,597.2543388986132,0.9840823793343044,-12.873928206402326,15.105394595914294,0.0,3030.128388657777,606.0256777315554,0.9985347146736956,-14.489066545895524,13.490256256421096,0.0,3649.037395375721,608.1728992292868,1.0020726426598563,-17.95428362853703,10.02503917377959,0.0,4216.967303887225,602.4239005553179,0.9926001484050604,-16.866412847225792,11.112909955090828,0.0,4812.679862974068,601.5849828717585,0.9912178828335364,-16.382905423232767,11.596417379083851,0.0,606.914981348039,11.27781716190895,0.0185822026288746,8.0,0.05,0.0,0.0,3.731351171154529e-06,639.1304347826087,604.1095890410959,86.1328125,602.9296875,86.1328125,0.0184739450281608,1.7087572644112288,0.0464399092970521,34.463382597457915,600.2036016227081,1289.2567265879572,1811.2810905077768,1939.2852013377376,340.2638990829647,793.903862453762,-0.0021141786661803,3.234646625849633,1.2107322883736105,1.263435045606144,1.2789675506330334,0.59372860208847,2.106658288429894,0.8722483686692223,0.4430710123453746,0.4571981812134068,0.3535016989256266,0.4099285025088899,1.3718819187196776,2.2570263496897667,1.5069074897946635,0.8251267690916209,0.4528700094017171,0.2218481974887661,0.2186358741146881,0.1352580520237468,0.2625032928117398,0.2015216029991818,0.2252623825911042,0.1488922199854145,0.1059907198342197,0.1748980277988286,0.2997318672535433,OK,601.6021984533589,601.6021984533589,0.9882459061699764,4.988550024107212,30.55853994605357,0.0,1273.6665566689628,636.8332783344814,1.0461196482406945,0.0,25.56998992194636,0.0,1807.648401925968,602.5494673086561,0.9898019752313868,-0.0814191585966277,25.48857076334973,0.0,2435.180036850142,608.7950092125357,1.0000614643658845,-8.046549193730922,17.523440728215437,0.0,3022.9874736658567,604.5974947331713,0.9931662493700192,-8.70759919128739,16.86239073065897,0.0,3660.6763781990335,610.112729699839,1.002226070613005,-13.075290626971992,12.494699294974367,0.0,4224.97549498209,603.5679278545842,0.9914749901699902,-12.957296862570296,12.612693059376063,0.0,4816.021063268388,602.0026329085485,0.9889036958390433,-13.255231670655611,12.314758251290748,0.0,608.7575923131469,11.00960334160002,0.0180853651447137,8.0,0.05,0.0,0.0,6.249567951798733e-07,4,01-09_gambiae
gambiae_female,sf2_data_final/2024-01-09_330026_gambiae_female/002/3_010.wav,8968.0,OK,0.0493424036281179,16.0,1411200.0,44100.0,2.0,2024.0,1.0,9.0,23.0,7.0,18.0,74.0,32.0,0.0,22.4,1010.7,648.5294117647059,639.1304347826087,645.99609375,645.99609375,648.4276554958036,0.0579521605060476,2.753438238484083,0.0464399092970521,651.0046613119619,1291.5918331671578,1938.8719788936808,2582.6471536956706,3222.987975653598,3869.821717847534,1204.3898868833153,-0.0031224333728739,0.2932413320688725,0.2880579863507518,5.756751574862463,8.245068103796923,0.2494361005266991,4.042720091480269,5.798747149156038,0.242449998504504,3.0649532959740107,0.6847614091033274,0.1640520916886909,0.6715590594347928,4.032053984190151,12.545561148960411,5.759683565042037,1.0002599388995077,0.1647193720359788,0.1972648720354107,0.5774107366466175,0.14557806055077,0.6451280488582387,0.646369278776607,0.112065568632507,0.2697490341834623,0.1690651445528686,0.1439264290946615,OK,654.6251966280661,654.6251966280661,1.0141707098317558,6.745684399475138,48.49054605160926,0.0,1291.241722014614,645.620861007307,1.000220844328401,0.0,41.74486165213412,0.0,1938.701432981888,646.2338109939626,1.001170450188762,-9.42988723591315,32.31497441622097,0.0,2582.9180614783622,645.7295153695906,1.0003891758748968,-12.019823546969253,29.725038105164867,0.0,3214.542101390168,642.9084202780334,0.9960186260912274,-17.48942688248483,24.25543476964929,0.0,3853.666676501715,642.2777794169525,0.9950416128429964,-21.990751968694056,19.754109683440063,0.0,4486.668142522577,640.9525917889396,0.9929885808419602,-22.612383063931283,19.13247858820284,0.0,5163.826486266116,645.4783107832645,1.0,-31.50457909702505,10.24028255510906,1.0,645.4783107832645,4.1687544592048,0.0064583958741327,7.0,0.05,0.0,0.0,7.299164494992617e-06,668.1818181818181,639.1304347826087,645.99609375,645.99609375,648.4140868714027,0.0417745783342264,1.4981567877871238,0.0464399092970521,650.9193589340522,1291.66173117534,1939.159132921996,2582.338791868434,3195.940698960392,4486.681097747501,1379.1580572001455,-0.0031224333728739,4.11653195503115,0.7569668152971031,3.93571599888934,5.598457932837015,0.166688671448318,2.750023460604341,3.911577119815458,0.1419612257704083,2.031107070909157,0.4449643036196682,0.0756955571233585,0.4418107054561498,2.7315271587320766,8.532551807333142,3.902812096077235,0.6627280934350095,0.0893028573736282,0.1348512952516201,0.4036351595157333,0.0705071008477374,0.4212365550952111,0.4425137497401837,0.0659055808840436,0.1733695679161631,0.1124385085557037,0.0720613518827336,OK,655.1606951605347,655.1606951605347,1.01438267720112,3.7966293758942697,49.38221657544691,0.0,1292.5964321639551,646.2982160819776,1.0006609363812695,0.0,45.58558719955264,0.0,1939.0033555245336,646.3344518415112,1.0007170400624543,-7.161867403844063,38.42371979570858,0.0,2580.587083823207,645.1467709558018,0.998878158509569,-11.65877655639845,33.92681064315419,0.0,3207.894167888373,641.5788335776747,0.9933539353740164,-19.59660440916156,25.988982790391084,0.0,3866.140558872797,644.3567598121329,0.9976549874236764,-27.130386340350952,18.45520085920169,0.0,4495.565382686897,642.2236260981281,0.9943522650478936,-23.958220390867183,21.62736680868546,0.0,5166.970689746013,645.8713362182516,1.0,-32.469783879703144,13.115803319849498,1.0,645.8713362182516,4.161716620517976,0.0064435691555626,7.0,0.05,0.0,0.0,3.703313910484533e-06,700.0,639.1304347826087,645.99609375,645.99609375,648.6063823336425,0.0173131025846554,1.467551200025585,0.0464399092970521,650.8767627369192,1291.4582181137375,1939.1062732450064,2582.1944849310707,3225.153999829407,3871.8122677265087,1205.2878341150322,-0.0031224333728739,2.1211107586489004,0.4430645530714021,1.4170915692411166,1.9474427974246635,0.1046636744388679,0.948520476663648,1.3327462561828691,0.0759218302513577,0.5572347391625599,0.1919973583539019,0.0761191434225135,0.1786924582067118,0.9285990375286312,2.7739698444543333,1.3276258566842838,0.2365494757888879,0.063976471063312,0.0855104990365107,0.1956992458045983,0.0656586861746916,0.1893899032367729,0.178891012379248,0.0603907065477801,0.1288514414000928,0.0785295980049087,0.0581342500120669,OK,653.6800020060566,653.6800020060566,1.012512714818782,10.90887385098526,44.45138136528716,0.0,1290.9181218940982,645.4590609470491,0.9997789500952532,0.0,33.5425075143019,0.0,1938.8962771184144,646.2987590394714,1.0010795941299149,-7.326706467359436,26.215801046942467,0.0,2581.1730732421643,645.2932683105411,0.9995221468398798,-10.286824421163132,23.25568309313877,0.0,3222.84679105138,644.5693582102759,0.9984008517434184,-13.41010361891161,20.132403895390294,0.0,3858.241835748815,643.0403059581358,0.9960324377760904,-15.178300270232562,18.36420724406934,0.0,4486.101505395608,640.871643627944,0.9926733045966616,-14.400298572826983,19.14220894147492,0.0,5164.814169256541,645.6017711570677,1.0,-23.34622472480672,10.196282789495186,1.0,645.6017711570677,3.7005836000738506,0.0057319910901755,7.0,0.05,0.0,0.0,5.93040300266105e-07,3,01-09_gambiae
gambiae_female,sf2_data_final/2024-01-09_330026_gambiae_female/002/3_039.wav,6408.0,OK,0.0348299319727891,16.0,1411200.0,44100.0,2.0,2024.0,1.0,10.0,4.0,0.0,58.0,71.9,32.0,0.0,33.0,1009.5,639.1304347826087,658.2089552238806,645.99609375,645.99609375,639.5805208843894,0.0583626327186549,3.317021243826144,0.023219954648526,607.2982773647727,1296.9829965226056,76.76599752770252,1983.66480802816,204.8536954043252,342.0182164867525,742.7433372388743,-0.0025475272306684,1.600582212079016,2.2596719037547475,5.047785555448796,5.705447544110784,3.0963110872824906,6.522774937613557,4.840410292528835,1.8166527913823165,2.892555817872755,1.6941699773800776,2.156859278449575,3.907999460788732,6.540239219767221,8.224184940681392,5.110983934528586,2.1012648596587584,1.4674932406746484,0.9426027671387592,0.4414139757686329,0.4991642811299923,0.6424590675684605,0.9404085556335604,0.5313774335490983,0.2850337398174129,0.3805662752928955,0.4087419950235486,OK,620.0632680465984,620.0632680465984,0.9456244673668992,3.106667362947221,36.67247557032683,0.0,1316.4765826844564,658.2382913422282,1.0038431007401891,0.0,33.56580820737961,0.0,1990.6493593808368,663.5497864602788,1.0119433705041951,-7.172062841690561,26.39374536568905,0.0,2696.6893703875458,674.1723425968864,1.028143248010888,-18.90261887732088,14.663189330058731,0.0,3289.8095964293984,657.9619192858797,1.0034216208815243,-15.17135120054708,18.39445700683253,0.0,3992.282146843053,665.3803578071754,1.0147350744223125,-20.52530630295643,13.04050190442318,0.0,4554.634934302264,650.662133471752,0.992289118073991,-22.91568393819314,10.65012426918647,0.0,5245.746398869485,655.7182998586857,1.0,-23.01877876633931,10.5470294410403,1.0,655.7182998586857,16.051121620082547,0.0244786848613829,7.0,0.05,0.0,0.0,6.485084668383934e-06,689.0625,639.1304347826087,86.1328125,645.99609375,86.1328125,0.0427512071758591,0.8806448530781572,0.023219954648526,35.71334551626736,607.22122046797,1297.1661747481648,1983.386331394092,389.4112162175959,2592.583437185302,991.1580575521916,-0.0025475272306684,14.524669892147818,3.9598665090312384,3.6514627711423167,4.069591813231026,2.1024272920024414,4.439958166190365,3.263859408566263,1.2064311782577404,1.9210885193357143,1.1305021707817011,1.4626688992867192,2.693015872480359,4.446766879778462,5.6279603570565975,3.458356838307009,1.3852886370647866,0.9257287248441224,0.6532101441233903,0.3068943177901241,0.2972566549506763,0.4034449712122122,0.6684324922800204,0.3629678884263365,0.2035593033344012,0.2587913442503,0.2816947490058835,OK,621.268351290919,621.268351290919,0.9510891964694358,0.9350839556773848,34.61099658958163,0.0,1318.109270244994,659.054635122497,1.0089355783948413,0.0,33.67591263390425,0.0,1991.0452834044388,663.681761134813,1.0160191672367196,-5.00200431332706,28.673908320577187,0.0,2603.133259158991,650.7833147897478,0.9962731541901164,-16.88218191801721,16.793730715887037,0.0,3288.516407223929,657.7032814447858,1.0068668139377277,-14.637857671472112,19.03805496243213,0.0,4000.891176669477,666.8151961115796,1.0208160897711602,-18.047379100165774,15.628533533738471,0.0,4572.524296543398,653.2177566490569,1.0,-24.478998969100928,9.19691366480332,1.0,5225.742053192455,653.2177566490569,1.0,-26.629282848163705,7.046629785740542,1.0,653.2177566490569,15.139715115806432,0.0231771334470019,6.0,0.05,0.0,0.0,3.380252261801312e-06,1191.891891891892,648.5294117647059,86.1328125,645.99609375,86.1328125,0.0181423694156117,0.93245230654471,0.023219954648526,36.10414791766444,606.1117396266213,1329.3919716811076,1983.514590612228,302.4593036626198,3354.610062432357,1245.600339076528,-0.0025475272306684,7.7947583118093,2.0769096224917747,1.5064664482051386,1.5460697031415558,0.8060903055596044,1.615215485761087,1.053125032451602,0.4164058474592211,0.5368520001299488,0.4179693265680401,0.590392953236598,1.0035296584243794,1.5861869201550904,1.82279656762305,1.1021436691692854,0.4731256766201983,0.3431079872136526,0.2188971284461791,0.1227258447302639,0.1534552510613572,0.1891677641844517,0.2418757754333771,0.1448854795305321,0.077860526033441,0.1131704027850153,0.1007043171273635,OK,618.70512367288,618.70512367288,0.9364920389090582,-6.419551354376988,30.828975300749168,0.0,1314.0567335396388,657.0283667698194,0.994499336234166,0.0,37.24852665512616,0.0,1990.7874402887744,663.5958134295914,1.0044400354097691,-7.093926895055677,30.15459976007048,0.0,2697.977118675479,674.4942796688697,1.0209363055696383,-19.24332837511216,18.005198280014,0.0,3346.9634669521,669.39269339042,1.013214379966026,-18.07421587499668,19.17431078012948,0.0,4028.623731033122,671.4372885055203,1.0163091451050588,-23.010102238572586,14.238424416553574,0.0,4689.885031336029,669.983575905147,1.0141087588062845,-24.5828503941582,12.665676260967963,0.0,5285.2995901054255,660.6624487631782,1.0,-28.380383927249333,8.868142727876823,1.0,660.6624487631782,17.939364573308836,0.0271536010664644,7.0,0.05,0.0,0.0,5.719962246075738e-07,3,01-09_gambiae
gambiae_female,sf2_data_final/2024-01-09_330026_gambiae_female/002/3_063.wav,7432.0,OK,0.0406349206349206,16.0,1411200.0,44100.0,2.0,2024.0,1.0,10.0,7.0,38.0,25.0,78.8,30.0,20.6,15.3,1011.5,630.0,630.0,645.99609375,645.99609375,632.8656516283858,0.05865546761826,2.9771487624287283,0.0348299319727891,636.485013211317,1251.633463152048,1889.38739731368,2537.8372553686627,3140.48612743959,3236.1513367704583,1045.9160767334813,-0.0029601398763132,0.4145599821330851,0.5053543411754653,3.322365130221048,7.5158869621753475,0.5878211772160226,8.106387737729897,3.2036842444296108,0.643361848274471,1.681460934039107,1.8070998048529512,0.3413297964320224,2.3630783693065607,8.396125883288551,10.067255148438596,3.173398238185529,0.4512848031855947,0.4462886323366992,0.594211535626664,0.6128138410155549,0.4314493194254562,1.7522756150342864,0.2432561896480128,0.29849778511922,0.3726156420682097,0.1716673153506366,0.4041316147172583,OK,626.3748281968423,626.3748281968423,0.991369069571924,8.42976698285812,45.02516483173888,0.0,1261.3593039001264,630.6796519500632,0.9981823528119086,0.0,36.59539784888076,0.0,1885.3380307918924,628.4460102639641,0.9946471480424582,-0.8865165231476908,35.70888132573307,0.0,2536.795589972199,634.1988974930498,1.003752294358872,-7.408426245382472,29.18697160349829,0.0,3145.8051332383297,629.161026647666,0.9957788108985148,-13.60134187157087,22.994055977309888,0.0,3804.969901056592,634.1616501760985,1.0036933426956065,-18.396397873618213,18.198999975262545,0.0,4478.422079688625,639.7745828126607,1.0125769816207162,-19.515874006779207,17.07952384210155,0.0,5054.624740046108,631.8280925057635,1.0,-33.95246532657997,2.6429325223007893,1.0,631.8280925057635,4.205806255316027,0.006656567356219,7.0,0.05,0.0,0.0,6.514075461642019e-06,630.0,630.0,645.99609375,645.99609375,633.0374739133382,0.0423859610045258,2.513738422703768,0.0348299319727891,35.624803089664965,636.4128911611414,1252.0349750304342,1889.819184227964,2538.1223375165064,3143.3414613975115,1169.7004748692482,-0.0029601398763132,3.385719470512182,0.6652408158256261,2.3614328688176407,5.155623491366432,0.3688397202979946,5.503804801756429,2.1602592456797858,0.3815353100779465,1.1344904781587797,1.2562341950743503,0.2117929354330066,1.580622357450111,5.745176146841966,6.924402535939789,2.1808871397105847,0.3197332241640658,0.301969027470531,0.4443088061632017,0.4527428410747912,0.2784449352853889,1.2319808666686194,0.1791550030214266,0.2009272675039355,0.2845572566855944,0.1116736039592546,0.2497270953427511,OK,628.3471831447291,628.3471831447291,0.9935502117508256,3.874808549931416,44.30495938147983,0.0,1263.9373751621752,631.9686875810876,0.9992765786322564,0.0,40.43015083154842,0.0,1885.3061265947028,628.4353755315676,0.9936896626260242,0.8591576392519684,41.28930847080039,0.0,2535.8050312525743,633.9512578131436,1.0024114428072048,-5.6806796689347365,34.74947116261368,0.0,3150.4587752698217,630.0917550539643,0.9963087500817532,-11.723147535211698,28.70700329633672,0.0,3803.02842217462,633.8380703624367,1.002232469432876,-16.406193661918202,24.02395716963021,0.0,4482.45740570465,640.3510579578071,1.01253088466906,-17.402892688250347,23.02725814329807,0.0,5059.409585651127,632.4261982063908,1.0,-30.274084037758783,10.156066793789634,1.0,632.4261982063908,3.8793696499764216,0.0061341064949216,7.0,0.05,0.0,0.0,3.3918664225244096e-06,639.1304347826087,630.0,645.99609375,645.99609375,632.3105450935718,0.0181317356580417,2.436328183987494,0.0348299319727891,36.00177731220468,636.1465728888288,1888.913895659124,1251.1909865481207,2537.7285177540366,3140.8865526647423,1168.9246359909018,-0.0029601398763132,1.8280498207082507,0.4066655719710268,0.8972253750331811,1.820671578454872,0.1981647411992886,1.909548996917255,0.7591030632645313,0.1588146578327478,0.3061842315674674,0.4479390465829105,0.1164623299194965,0.618016933298534,1.980686551890645,2.3344861757201225,0.7467020573043198,0.1281903094673055,0.1525191051686992,0.2164399502525666,0.1845678976482459,0.137798988957661,0.4673660938053699,0.0754889256408427,0.125712058908107,0.149898810411614,0.0894161440994286,0.1018941886936538,OK,626.1028142718587,626.1028142718587,0.9906965346426244,10.423322848150477,38.58074007091933,0.0,1262.4137714712554,631.2068857356277,0.9987728214703796,0.0,28.157417222768856,0.0,1884.7204930418343,628.2401643472782,0.9940785116354908,2.4005586107723857,30.55797583354124,0.0,2535.9246410690093,633.9811602672523,1.0031626183247897,-1.6742023403032462,26.48321488246561,0.0,3146.9275786407934,629.3855157281587,0.9958908268305696,-3.4943346022990376,24.66308262046982,0.0,3806.628002847238,634.4380004745396,1.0038854868376412,-3.675828479123784,24.48158874364508,0.0,4483.65782412577,640.5225463036815,1.013513200258504,-3.526043290689337,24.63137393207952,0.0,5055.85952814674,631.9824410183425,1.0,-15.598445418172531,12.558971804596323,1.0,631.9824410183425,4.454182648825046,0.00704795317042,7.0,0.05,0.0,0.0,6.187848547207458e-07,3,01-09_gambiae
gambiae_female,sf2_data_final/2024-01-09_330026_gambiae_female/002/4_005.wav,6408.0,OK,0.0348299319727891,16.0,1411200.0,44100.0,2.0,2024.0,1.0,9.0,21.0,52.0,32.0,74.4,32.0,0.0,23.7,1010.5,639.1304347826087,604.1095890410959,645.99609375,645.99609375,637.6914469388267,0.0483427662088473,3.428995467335364,0.023219954648526,648.6727673206877,1248.5406884530005,82.46941148313718,1851.249545856297,253.5041034196789,2460.3696703273945,937.246840752921,-0.0032059907462806,1.4923950057803816,2.106274814490262,4.848976402875832,5.1139803154778845,2.241373852358364,4.872369150087752,4.08555754148288,1.9039583280488803,2.570345554407626,1.5595998030071134,1.3780297440282196,2.278901848769112,5.051675223338532,5.833401132489858,4.070168636431621,2.2037242935323205,0.8416541304210395,0.6909373270748274,0.4984029000156756,0.6328633976657168,0.5654638888424989,0.3099788862942185,0.4676388717381098,0.4718430426970357,0.6669287201844558,1.2210399435705537,OK,616.6480771387918,616.6480771387918,1.0,-1.2707007279318816,31.685369046680336,1.0,1253.4555935700544,626.7277967850272,1.016345984070857,0.0,32.95606977461222,0.0,1850.7614500103543,616.9204833367849,1.000441753097256,-7.836875961274231,25.119193813337983,0.0,2470.499212165939,617.6248030414847,1.0015839275899876,-13.331989418018022,19.624080356594195,0.0,3088.0762037986915,617.6152407597383,1.0015684207196982,-19.69893503041284,13.257134744199384,0.0,3747.0813797804326,624.5135632967388,1.0127552269269084,-25.304987758578303,7.651082016033914,0.0,4175.406029290839,596.4865756129769,0.9673046875952926,-23.771636419053127,9.18443335555909,0.0,4933.184617110334,616.6480771387918,1.0,-30.09200527881925,2.8640644957929595,1.0,616.6480771387918,9.763165201565633,0.0158326370640221,6.0,0.05,0.0,0.0,4.024880884874922e-06,658.2089552238806,612.5,86.1328125,645.99609375,86.1328125,0.0397011208123476,2.3238777219274205,0.023219954648526,38.580216757771616,648.5299750308908,1248.6619793817651,253.6893538932756,1851.0092883572208,2494.3099904851347,956.6802611503132,-0.0032059907462806,8.000408693688247,3.1766465279889227,3.3005369448053616,3.5310417060032018,1.572591902669677,3.3057174385974664,2.737608165195457,1.2959907581571368,1.7556648786756632,1.0864912186754727,0.887437581859404,1.5701923437366467,3.4026539679562555,3.92923185852929,2.704120891275518,1.4654408667366046,0.5847915199383478,0.5043472758499995,0.3650633491280642,0.427852101184026,0.3867177695883153,0.2036807230245881,0.2951682742628848,0.3053367054557977,0.4396753056689506,0.8204884209985304,OK,661.106475745132,661.106475745132,1.0628665635106296,0.6808749608920337,33.51343171150922,0.0,1249.7142937652393,624.8571468826196,1.0045882059219522,0.0,32.83255675061719,0.0,1849.5450088285515,616.5150029428505,0.9911764694061664,-10.160005727416705,22.672551023200484,0.0,2477.1289028027563,619.2822257006891,0.9956253572192486,-15.782524358443371,17.050032392173815,0.0,3074.040329457844,614.8080658915687,0.988432212037064,-21.6131796905446,11.219377060072588,0.0,3533.90303959548,588.9838399325799,0.9469143819940046,-22.57836667631617,10.254190074301018,0.0,4399.290822816098,628.4701175451568,1.0103968099109348,-13.460227446370812,19.37232930424637,0.0,4976.026142446396,622.0032678057995,1.0,-23.75444529260396,9.078111458013224,1.0,622.0032678057995,19.85160774880958,0.0319156004096872,7.0,0.05,0.0,0.0,2.637278157635592e-06,722.9508196721312,612.5,86.1328125,215.33203125,86.1328125,0.0179314473272345,2.421561615324041,0.023219954648526,39.26877396476735,647.7855807669513,1248.7616590430218,251.6086868228072,1852.8553900331435,2462.714962879774,948.0254688641425,-0.0032059907462806,4.483393752057763,1.8573660309089863,1.34391291612364,1.4384458356787504,0.7470554607951869,1.1611702700781814,0.9462384517510336,0.4021805224294878,0.560798254827665,0.4470768210069877,0.4055134415388899,0.547414249524805,1.1004448549391896,1.2802372697298974,0.9310966727302992,0.499781950192175,0.1981033270502411,0.1826737277286919,0.1133749764440334,0.1597541159334765,0.1590554892427617,0.1034076383826314,0.1386004118690877,0.1174252450274012,0.1482041195819117,0.2453167884799978,OK,660.0058460634502,660.0058460634502,1.0814215615124392,2.996931031288277,30.605631640454035,0.0,1250.2535053812203,625.1267526906101,1.024272062240021,0.0,27.60870060916576,0.0,1854.3441516827909,618.114717227597,1.0127828210688703,-7.267834085568914,20.340866523596844,0.0,2470.938118694955,617.7345296737387,1.0121598826197442,-11.144976370844546,16.463724238321213,0.0,2848.956109201092,569.7912218402184,0.9336046287070192,-17.611582717824845,9.997117891340912,0.0,3537.3938338558487,589.5656389759748,0.9660050705886996,-20.59367105262838,7.015029556537378,0.0,4142.975506159528,591.8536437370755,0.9697539732632064,-20.069569885117453,7.539130724048306,0.0,4882.505543095617,610.3131928869522,1.0,-25.3329195658959,2.275781043269859,1.0,610.3131928869522,27.302504963921773,0.0447352364034165,7.0,0.05,0.0,0.0,5.603030028093295e-07,4,01-09_gambiae
gambiae_female,sf2_data_final/2024-01-09_330026_gambiae_female/002/3_006.wav,6408.0,OK,0.0348299319727891,16.0,1411200.0,44100.0,2.0,2024.0,1.0,9.0,22.0,3.0,23.0,74.5,32.0,0.0,24.0,1010.5,648.5294117647059,648.5294117647059,645.99609375,645.99609375,645.609483169224,0.0635002609695948,3.3258076115631,0.023219954648526,645.3424381961756,1943.2509230113767,2588.437076780866,86.20207126035599,1255.9937640668652,3263.553094627005,1198.1623779534482,-0.0032262913867255,0.7078030620739072,0.7073094553762018,5.529787185761439,7.649401360048703,0.6894654601091397,5.638819570976408,5.378770957112386,0.4503348400958313,0.58271696589514,1.1871349671200513,0.6241026247875611,2.193661587530347,5.71508693798729,9.953211543143144,5.560120712428796,2.355677321011256,0.408892641506948,0.6765525353908607,1.0636038517831354,0.325642085805604,0.8713542435195296,1.2513999407344183,0.4019715964191645,0.4054177966722896,0.1623524112569795,0.1997509832270801,OK,644.5997523181152,644.5997523181152,1.0012251567693873,24.97800894894051,51.604761798403366,0.0,1269.895984506915,634.9479922534575,0.9862335515925548,0.0,26.626752849462857,0.0,1952.9604912896928,650.9868304298976,1.011145891707262,9.864994534257466,36.49174738372032,0.0,2599.7669838236766,649.9417459559191,1.009522613289091,7.489292869792745,34.1160457192556,0.0,3254.4470105006844,650.8894021001369,1.0109945610646616,-1.3927079176533184,25.23404493180954,0.0,3901.9313262434407,650.3218877072401,1.0101130688131463,-2.250774974848131,24.37597787461473,0.0,4374.924888420841,624.9892697744059,0.9707651567638972,-12.510439841316146,14.116313008146712,0.0,5150.48786347334,643.8109829341674,1.0,-19.35489379386158,7.271859055601276,1.0,643.8109829341674,9.373264323746888,0.0145590314117169,7.0,0.05,0.0,0.0,6.977204975555651e-06,668.1818181818181,630.0,645.99609375,645.99609375,645.6240042144341,0.0477475784611583,2.1524258383682686,0.023219954648526,36.86008896637986,645.3442145133424,1943.526721400469,2588.2108339611086,1255.553510223093,3235.0067397219177,1203.2801518379558,-0.0032262913867255,5.56751027728371,1.7195541800909322,3.976025667684406,5.237497156384059,0.478716749770863,3.812621548823469,3.63872411985587,0.3135501832878464,0.3800314618730993,0.8043012587023917,0.395965422152755,1.4470331261799152,3.855321039286829,6.8315274902689405,3.750655916497888,1.6124863515503334,0.2902077385407949,0.4546843817326046,0.7719191705233528,0.2279427447665148,0.6178914264218177,0.8876311924042108,0.2525903845932848,0.2914918002250589,0.1192513158560814,0.1412401730240267,OK,645.3580886601269,645.3580886601269,0.9965810161166024,22.03286459522059,48.95723772208382,0.0,1269.482181337892,634.741090668946,0.9801859343285576,0.0,26.924373126863227,0.0,1957.2385197766127,652.4128399255377,1.0074751713275951,15.197254231917809,42.12162735878103,0.0,2598.3273533033293,649.5818383258323,1.0031034550658222,16.014252619712526,42.93862574657575,0.0,3250.834802275292,650.1669604550583,1.0040070179347824,6.775828610485053,33.70020173734828,0.0,3893.5585551842346,648.9264258640391,1.002091347789836,4.123422065776559,31.047795192639786,0.0,4562.723531716153,651.8176473880219,1.006556057436803,-5.783576472510919,21.140796654352307,0.0,5180.577018614357,647.5721273267947,1.0,-13.736823840440518,13.187549286422708,1.0,647.5721273267947,5.651809189196974,0.0087276906319731,7.0,0.05,0.0,0.0,3.897053223530141e-06,801.8181818181819,630.0,86.1328125,645.99609375,86.1328125,0.0209993121192835,2.1616510701276908,0.023219954648526,37.51268279981395,644.3785181213198,1942.8006359842784,2587.9208490407,3264.582083736402,3907.209553122103,1499.9984739822398,-0.0032262913867255,3.0469553965390324,1.033987253321751,1.4546778476656432,1.8280677054693693,0.2283543409142708,1.3708249922378075,1.2262807683778063,0.1129581701067238,0.1348007162701563,0.2926345087740536,0.1858728731563013,0.5885632487739272,1.3799526687222663,2.4156994818560844,1.2474579880710384,0.5390064882946195,0.1312007437337929,0.2459518093355219,0.3620149196096315,0.1089104491857834,0.2543921316224141,0.3382904410866839,0.1352176162730579,0.1765463437760767,0.0565889791081047,0.0718268231597315,OK,644.3439048584784,644.3439048584784,0.9983450238151336,22.494394581221247,43.54283062253428,0.0,1293.5149313289105,646.7574656644551,1.0020845896000403,0.0,21.048436041313035,0.0,1951.637325838263,650.545775279421,1.0079541881548728,14.687354058830646,35.73579010014368,0.0,2598.8259896499067,649.7064974124767,1.0066538128805134,15.622459133090056,36.67089517440309,0.0,3255.644949399708,651.1289898799416,1.0088578195694882,9.052939102804045,30.10137514411708,0.0,3898.766958625669,649.7944931042781,1.0067901532111423,6.8274671830469735,27.87590322436001,0.0,4379.250391418772,625.6071987741103,0.9693144127688104,-3.1010637254928604,17.947372315820175,0.0,5163.296371397898,645.4120464247372,1.0,-15.868295519632074,5.180140521680961,1.0,645.4120464247372,8.382548473800009,0.0129879021010456,7.0,0.05,0.0,0.0,7.647471041612638e-07,3,01-09_gambiae
gambiae_female,sf2_data_final/2024-01-09_330026_gambiae_female/002/1_026.wav,6920.0,OK,0.0377324263038548,16.0,1411200.0,44100.0,2.0,2024.0,1.0,10.0,2.0,42.0,51.0,73.0,32.0,0.0,35.3,1009.2,544.4444444444445,544.4444444444445,559.86328125,559.86328125,546.7693846206022,0.0523178525017466,3.0994268799818845,0.0348299319727891,1079.717107888692,520.2047506839992,84.02154534384925,1681.321259987075,2239.1247023870465,2844.346184383395,1046.6548680108326,-0.0027719986686746,1.4043661676960095,5.104083965907419,5.216518407885361,2.8235643064890263,6.946625700834759,4.023467800968332,3.507824437363188,2.710305633536917,1.831582911383181,2.986956906296254,7.127959428303967,8.09230135326597,4.135534994512611,2.10944068325503,1.1148173118962408,0.999303562511517,0.7850673394821851,0.8274461999999965,0.9793617672292791,0.5201686483089597,0.4982287036720801,0.5521255975814379,2.740135063005467,4.670708783055067,3.962056769065146,2.3941482424268137,OK,526.3780650890362,526.3780650890362,0.935928711685974,-2.4583690553517954,33.0883242170013,0.0,1078.560667011974,539.2803335059871,0.9588696437995886,0.0,35.546693272353096,0.0,1690.0378768716612,563.3459589572204,1.00165962939802,-13.306504725694076,22.24018854665902,0.0,2231.9993344886066,557.9998336221516,0.9921539289723832,-13.324964244431555,22.22172902792154,0.0,2852.3223453316973,570.4644690663395,1.0143167259554615,-19.51292982926208,16.033763443091015,0.0,3396.81058008949,566.1350966815817,1.006618867349234,-20.84546889528873,14.701224377064364,0.0,4292.9892657402725,613.284180820039,1.0904524928393382,-21.757811960609203,13.788881311743893,0.0,4499.300500276978,562.4125625346222,1.0,-32.4785742774455,3.068118994907593,1.0,562.4125625346222,25.412427886409617,0.0451846732794935,7.0,0.05,0.0,0.0,6.629661724078827e-06,1160.5263157894738,558.2278481012657,86.1328125,559.86328125,86.1328125,0.0381734574692424,1.047216889841596,0.0348299319727891,36.54249714550913,520.424855375724,1079.6366636857863,1681.641219636391,2239.800324132422,255.82762741772427,861.8982455522402,-0.0027719986686746,10.276235849817096,5.713737833860095,3.868309512383727,1.9622387642322576,4.876917111332258,2.754759625791384,2.326566131513891,1.8192020525080657,1.243456220829643,2.045991587854267,4.93853337373947,5.5792408224488375,2.828914568419369,1.4130249214587232,0.7417459770859811,0.6883072238964555,0.5398121174361139,0.5309518948772494,0.6338041024354146,0.3335810891709614,0.3528415310338866,0.3589181602030197,1.8482275724692936,3.116961605417091,2.662430695632424,1.5756658983259726,OK,529.5293892413872,529.5293892413872,0.9459617904989456,-5.042241530260895,33.56862405432858,0.0,1078.7346283401164,539.3673141700582,0.9635364544730306,0.0,38.61086558458948,0.0,1681.416421900802,560.4721406336006,1.0012385345374126,-14.212469451944967,24.398396132644507,0.0,2238.838389031366,559.7095972578416,0.9998763119455758,-14.73522982233404,23.875635762255435,0.0,2856.780370653865,571.3560741307731,1.0206818089388705,-19.50579520790376,19.10507037668572,0.0,3386.617568211904,564.4362613686507,1.008320118344601,-26.51710352972485,12.09376205486463,0.0,3952.188734823301,564.5983906890431,1.0086097493742032,-27.23369275144887,11.377172833140603,0.0,4710.09211369329,588.7615142116613,1.0517752318873623,-28.63604228692757,9.974823297661906,0.0,559.7788352128769,17.14312003201752,0.0306248092168368,8.0,0.05,0.0,0.0,3.394376947723616e-06,1191.891891891892,551.25,86.1328125,559.86328125,86.1328125,0.0164859898557776,0.9796021400452858,0.0348299319727891,36.87476298759999,518.7054100313477,1079.8463791770137,2239.326803367333,1716.8537761512855,255.4326816260112,867.86190520207,-0.0027719986686746,5.560078922953425,2.9549530970238176,1.7400962621076457,0.8479667931055889,1.8039266244890464,1.0096526451531065,0.6796832897851885,0.5403251015416991,0.506966280759112,0.9063328469666712,1.7522415412255643,1.8394423946162848,0.9965706352245288,0.5179358578933515,0.2992699154825661,0.2965129196024799,0.1949859797356875,0.1994587555948204,0.2574191506470809,0.1581017568214384,0.1451884509531504,0.1639206125678918,0.4838138025174379,0.8437957757418965,0.7843974649293188,0.4788720809745055,OK,528.2513982677993,528.2513982677993,0.9538433802072476,-2.5462022247651426,30.99972751208683,0.0,1078.8777036038716,539.4388518019358,0.9740441378955452,0.0,33.545929736851974,0.0,1701.5278975166534,567.1759658388845,1.0241279856561991,-12.029185195295934,21.51674454155604,0.0,2235.5662871758336,558.8915717939584,1.009169171643226,-11.555896025498992,21.990033711352982,0.0,2866.5599157850866,573.3119831570173,1.035207557842719,-17.34995611597584,16.195973620876135,0.0,3389.0408272453187,564.8401378742197,1.0199102702867666,-19.903663999647385,13.642265737204587,0.0,3931.415778672264,561.6308255246092,1.0141153375147354,-22.455501761649256,11.09042797520272,0.0,4295.741978868233,536.9677473585291,0.969582158953562,-23.3341039487287,10.211825788123274,0.0,553.8135602021191,15.455829850114151,0.0279080018273178,8.0,0.05,0.0,0.0,5.615077568039012e-07,1,01-09_gambiae
gambiae_female,sf2_data_final/2024-01-09_330026_gambiae_female/002/1_019.wav,6408.0,OK,0.0348299319727891,16.0,1411200.0,44100.0,2.0,2024.0,1.0,10.0,0.0,34.0,30.0,73.4,32.0,0.0,29.4,1009.9,558.2278481012659,551.25,559.86328125,559.86328125,558.3348323526371,0.0490148628044058,2.3612311829839525,0.023219954648526,558.9271402932618,1116.283116552637,94.04059161530212,1718.5667734684166,2246.138756969135,2803.515818037749,1027.3822337216038,-0.0029268911827949,1.3240105135779303,6.197721646282319,5.908857734089721,2.236526993465437,6.261188725241739,5.616527117340093,1.321250094400093,1.666301304978325,1.1186960898311489,2.18096187751688,6.259637748793998,10.166074033119155,5.662700824355653,1.867373887194936,0.4365879167029239,0.3921391597654055,0.3157377626981048,0.3317617528204531,0.650345266198006,0.2767974036158501,0.2031629642483682,0.2907534842666517,0.9560601816029436,2.10439987520737,2.606395163645687,1.6461269700113703,OK,561.7254314547625,561.7254314547625,0.997777241212064,5.6873879705798345,44.35849140704926,0.0,1110.710238281225,555.3551191406125,0.9864618328460752,0.0,38.67110343646942,0.0,1716.0087364538615,572.0029121512872,1.01603284397057,-7.875407630260696,30.795695806208727,0.0,2260.1612936261618,565.0403234065404,1.003665391474364,-8.619765853239443,30.05133758322998,0.0,2813.3115652040647,562.6623130408129,0.9994413978835016,-18.176438754115026,20.4946646823544,0.0,3412.171393281846,568.695232213641,1.010157504208135,-19.98492477242806,18.686178664041364,0.0,3940.837551482725,562.9767930689607,1.0,-26.33886151826672,12.332241918202705,1.0,4442.849760600549,555.3562200750687,0.9864637884052913,-21.89007695962372,16.781026476845703,0.0,562.9767930689607,5.809565747193583,0.010319369854526,7.0,0.05,0.0,0.0,4.4528411914749695e-06,595.9459459459459,551.25,86.1328125,559.86328125,86.1328125,0.0379088520011103,1.343558420212219,0.023219954648526,36.12378394660624,558.6961685607441,1116.2378174030305,1718.051231211777,2242.888944568076,2806.248380091868,1042.7467474186665,-0.0029268911827949,10.06080104846398,6.151020547165846,4.555734268488912,1.6186839301852949,4.312333576252207,3.786819622637679,0.8844329273915269,1.051845889067322,0.7953940768235533,1.5518728229623406,4.329154546970989,6.974327510605793,3.8810852597577,1.2279634392277976,0.3216520673468007,0.2731884578819137,0.1841930829393711,0.2016628302526656,0.4352028882043294,0.1525617879901547,0.1544894693000867,0.1950171672867468,0.648941399541544,1.3463344191620463,1.7264672239916097,1.0863171916611245,OK,564.8379579524966,564.8379579524966,1.0010377389111682,4.64932429802122,49.44974175791585,0.0,1110.4427734330418,555.2213867165209,0.9839947080903731,0.0,44.80041745989463,0.0,1709.923350250184,569.9744500833947,1.0101409204453695,-11.005189346727136,33.7952281131675,0.0,2249.430459548387,562.3576148870967,0.9966419348067268,-14.621305877391984,30.17911158250265,0.0,2822.299816406579,564.4599632813158,1.000367835400556,-22.37913383909642,22.421283620798214,0.0,3410.232993429125,568.3721655715209,1.0073012613143284,-26.54393740299649,18.25648005689814,0.0,3910.637257890428,558.6624654129183,0.9900931821556496,-28.84096464590008,15.959452813994552,0.0,4561.066290012396,570.1332862515495,1.0104224188758282,-31.24878506424144,13.551632395653192,0.0,564.2524112696017,5.013505379143479,0.0088852174647562,8.0,0.05,0.0,0.0,2.4407199816778302e-06,1191.891891891892,551.25,86.1328125,559.86328125,86.1328125,0.0175225086507569,1.394760831344799,0.023219954648526,36.60458558280432,558.1194204853276,1116.4370949784857,1719.2096829220816,2273.628161588021,1599.9512668116513,818.889312013691,-0.0029268911827949,5.377540666246065,3.121599158453531,1.9860470914074768,0.6855457817631765,1.6847038868280733,1.462727073749732,0.2557671705617899,0.332061951034941,0.2894957512354444,0.6483118249373193,1.6654020185666358,2.5192850750459965,1.435077288937721,0.4721022354470736,0.1190437622708514,0.1141036119380656,0.1007008212373817,0.0897469350338195,0.1628019533088363,0.0901914657073294,0.0719091542887669,0.0791187706408519,0.1743694223318901,0.401224737124271,0.5019779143353418,0.3104393110343795,OK,558.7746068365668,558.7746068365668,0.9986401498214844,6.226048508223734,41.252822146736825,0.0,1116.8104831513936,558.4052415756968,0.997980021435296,0.0,35.02677363851309,0.0,1714.1169678430515,571.3723226143505,1.0211547462577075,-6.954813542163997,28.07196009634909,0.0,2261.789915887338,565.4474789718345,1.0105658850774757,-8.590032975497621,26.43674066301547,0.0,2793.138823337504,558.6277646675007,0.9983777139771888,-14.85287963637968,20.17389400213341,0.0,3412.10275239964,568.6837920666067,1.0163498132558326,-17.884159034954507,17.142614603558584,0.0,3699.0541251947857,528.4363035992551,0.9444196334995966,-18.30087336153125,16.72590027698184,0.0,4532.291358898265,566.5364198622831,1.0125120366754174,-17.17169441387211,17.85507922464098,0.0,559.5354912742619,12.637278357790752,0.0225853025498188,8.0,0.05,0.0,0.0,5.210295057622716e-07,1,01-09_gambiae
gambiae_female,sf2_data_final/2024-01-09_330026_gambiae_female/002/1_055.wav,6920.0,OK,0.0377324263038548,16.0,1411200.0,44100.0,2.0,2024.0,1.0,10.0,6.0,49.0,15.0,76.1,30.0,3.9,20.3,1010.9,588.0,595.9459459459459,602.9296875,602.9296875,593.6049151452778,0.0526550683108104,3.276146950057688,0.0348299319727891,563.1991916919443,1199.3822352894886,75.5890354281724,1805.2097788123629,2412.759671235225,3023.2008669950565,1117.3440239020883,-0.0021327093215715,1.3651082486740258,3.6548955720774,4.049120363558515,2.3404675078090027,3.291528916610029,8.134209127764064,1.3602409630156882,4.298573537367284,1.365078754277715,0.8613118600156704,3.224040364798573,6.926642619315062,9.870134901898314,2.430176860621054,1.183122300502545,0.4598403457842179,0.5890478178201591,0.7857507299739618,0.5994185176806633,1.2679129926312664,0.2480093330662764,0.2273706763591846,0.3170878564001324,0.4004729590533516,1.9532463834520737,4.345220413486794,OK,570.8981207447073,570.8981207447073,0.955263423068784,-4.058077310722943,38.17130426239574,0.0,1188.6480690923106,594.3240345461553,0.994461167453184,0.0,42.22938157311869,0.0,1800.6832449398496,600.2277483132832,1.0043396407167646,-9.984110425307286,32.2452711478114,0.0,2415.4201699213963,603.8550424803491,1.010409062416715,-12.564847627406998,29.66453394571169,0.0,3033.2258183859644,606.6451636771928,1.0150776725039174,-24.00191099861106,18.227470574507628,0.0,3647.0535076367546,607.8422512727924,1.0170807163969222,-24.739116733339145,17.49026483977954,0.0,4175.5010614115645,596.5001516302235,0.9981023864013456,-31.01499591056011,11.214385662558575,0.0,4806.250648953748,600.7813311192185,1.005265931042366,-25.74242315693561,16.48695841618307,0.0,597.6342304729903,10.99882255320163,0.0184039367097442,8.0,0.05,0.0,0.0,6.551379696107828e-06,1191.891891891892,595.9459459459459,86.1328125,602.9296875,86.1328125,0.0396667063506488,1.0236154204196724,0.0348299319727891,34.95938656665063,562.9960335546567,1199.4526515148505,1805.1146808563688,2412.9625465692898,3021.1924015244454,1127.3905121331843,-0.0021327093215715,16.780356647417236,5.119811921413097,3.021628294913192,1.6416708254341053,2.330760423879071,5.506694762895021,0.9298670144063989,2.846308497025629,0.8949838506406409,0.6487969350754712,2.2510137286476297,4.753829772538571,6.772664671337485,1.6348769125426992,0.7710840012935801,0.2850692023879898,0.3824476223841814,0.5474372936631815,0.4050691006669691,0.9133138584928931,0.1397816781570091,0.1554012650771419,0.2422725906098669,0.2715351440099595,1.2934518694247834,2.911791410599633,OK,573.1885278031131,573.1885278031131,0.9565552081785048,-5.930916579746366,36.73850762161811,0.0,1187.9809718130052,593.9904859065026,0.9912701761147494,0.0,42.66942420136448,0.0,1800.0981446336707,600.0327148778903,1.0013536396023042,-10.646110690309143,32.023313511055335,0.0,2417.122842346185,604.2807105865462,1.008442829672121,-12.948843180516796,29.72058102084768,0.0,3030.04537701496,606.0090754029918,1.0113271797360348,-21.865872053181217,20.80355214818326,0.0,3639.17486745188,606.5291445753132,1.0121950876777792,-24.05040784317089,18.619016358193583,0.0,4251.883633847632,607.4119476925189,1.0136683375399071,-30.62184717934315,12.04757702202133,0.0,4818.640573089682,602.3300716362103,1.0051875414785991,-24.50381500958341,18.16560919178108,0.0,599.2215848101358,10.65101128556339,0.0177747456960152,8.0,0.05,0.0,0.0,3.537887376016722e-06,1191.891891891892,588.0,86.1328125,602.9296875,86.1328125,0.0168759038585883,1.0916147158333585,0.0348299319727891,35.42329932114112,562.0886288892377,1199.420153552155,1805.6863478831976,2414.1433098017915,3022.6976311014328,1128.048013094563,-0.0021327093215715,8.937760367488432,2.603478902987258,1.2507224186439734,0.6672356019084792,0.9424497518319004,1.7349259419886025,0.298190114946079,0.7910253939526959,0.341202322158941,0.252944163910947,0.8932588787760628,1.6601941339943576,2.1488507472545173,0.5620352140012576,0.2895755211137497,0.1358224295886548,0.1855200823722238,0.2530887909294095,0.1522687463373786,0.3113503762674244,0.0884658019361132,0.0881604452657009,0.1004013713433602,0.0855527472328536,0.3481878540421722,0.8046226093628936,OK,568.5783411068722,568.5783411068722,0.95311590903286,-1.2869946813868829,30.86698153043314,0.0,1190.9433335161818,595.4716667580909,0.9981975709109372,0.0,32.15397621182002,0.0,1802.3206857902696,600.7735619300898,1.0070852127205412,-6.468298552064905,25.68567765975512,0.0,2418.567401090582,604.6418502726455,1.0135696791404871,-5.736535439678821,26.4174407721412,0.0,3029.578033952896,605.9156067905791,1.015704895193764,-15.17627795791125,16.977698253908773,0.0,3587.547455442026,597.9245759070044,1.0023094171847338,-16.862937468328674,15.291038743491349,0.0,4185.906808091785,597.986686870255,1.0024135346702578,-21.032979465282267,11.120996746537756,0.0,4808.663298536888,601.082912317111,1.0076037811464178,-15.430108749401896,16.723867462418127,0.0,596.546900244081,11.06293561784156,0.0185449553309473,8.0,0.05,0.0,0.0,5.838150033154167e-07,1,01-09_gambiae
gambiae_female,sf2_data_final/2024-01-09_330026_gambiae_female/002/4_062.wav,6408.0,OK,0.0348299319727891,16.0,1411200.0,44100.0,2.0,2024.0,1.0,10.0,7.0,23.0,30.0,77.8,30.0,15.5,18.0,1011.2,630.0,612.5,645.99609375,645.99609375,630.3154695313408,0.0446127704107041,3.405297867605297,0.023219954648526,614.1343457942131,1251.9038565217884,2497.7642796983287,1897.116652453578,53.319457538411314,3751.73007574993,1339.65191297905,-0.0026912578642585,0.5804589868341077,0.540494743735835,1.9652338713963968,3.987448158210655,0.4742777242550552,5.628919173387875,1.8120079153280544,0.6156816094568374,2.179770944042608,0.6788793644272393,0.3420379972693454,1.6813276391452123,5.751084406411149,6.492433729923683,1.7785381690037476,0.3472807418739106,0.2499010249428604,0.4599311194905121,0.2907238272910917,0.2247014104852463,0.6779192918985272,0.2799178140731084,0.1518700434398112,0.1651012149332043,0.23309381728765,0.5013963874144378,OK,624.5250849904245,624.5250849904245,0.992559639840718,1.305836356385214,42.27551120747631,0.0,1255.0879864645435,627.5439932322719,0.9973576000015756,0.0,40.96967485109109,0.0,1916.1249743423416,638.7083247807806,1.0151011064950255,-15.086639487618983,25.883035363472107,0.0,2497.840037871657,624.4600094679142,0.9924562151124924,-12.784925323203275,28.184749527887817,0.0,3152.539190038886,630.5078380077772,1.0020680476258923,-26.240300653272804,14.729374197818288,0.0,3763.560817334328,627.2601362223879,0.9969064651820654,-15.50478826750194,25.464886583589152,0.0,4420.086123030083,631.4408747185834,1.0035509257422297,-23.29282514029084,17.676849710800255,0.0,5033.652870194446,629.2066087743058,1.0,-27.03121416200314,13.938460689087954,1.0,629.2066087743058,4.597633935685424,0.0073070337653344,7.0,0.05,0.0,0.0,3.755217524788653e-06,639.1304347826087,630.0,86.1328125,645.99609375,86.1328125,0.0328401809687286,1.7834927462709969,0.023219954648526,45.40583458818946,614.0086425260313,1251.9102530215964,2497.528307028656,1896.176526520912,3749.5152720279375,1340.847998962801,-0.0026912578642585,6.69034886468589,0.6514415387990922,1.5321508153595145,2.7639092219177,0.2986034400804847,3.815525738076843,1.215032104062433,0.4117168584390862,1.4904980822476848,0.4635789331916827,0.2128592175104493,1.1160927926421864,3.902063836331088,4.398799436665474,1.1936595495507711,0.2032887394882885,0.1874720107442367,0.2877862412408148,0.2228995510476262,0.1310309408978617,0.4296108613430214,0.1518856853684486,0.1069761418369723,0.1019514077155736,0.1401639401795477,0.3084768949069945,OK,623.9147614753008,623.9147614753008,0.9936541617589106,0.1584620843720188,45.21459826372488,0.0,1256.135953238028,628.067976619014,1.0002686222061556,0.0,45.05613617935286,0.0,1906.8166694738584,635.6055564912862,1.0122730626716503,-14.363437096476328,30.692699082876533,0.0,2500.9813633785425,625.2453408446356,0.9957732584841807,-8.486412293324719,36.56972388602814,0.0,3140.5853957293907,628.1170791458782,1.000346823481689,-15.03865246484267,30.017483714510192,0.0,3752.782563236355,625.4637605393925,0.9961211163200688,-10.396521464144485,34.65961471520838,0.0,4402.1648113404335,628.8806873343476,1.0015629550773444,-24.796279744847944,20.25985643450492,0.0,5023.194471371263,627.8993089214079,1.0,-19.56683236556936,25.4893038137835,1.0,627.8993089214079,3.5712600554278766,0.00568763176625,7.0,0.05,0.0,0.0,2.0020767503107586e-06,1191.891891891892,630.0,86.1328125,645.99609375,86.1328125,0.0149713080079734,1.6712405717030778,0.023219954648526,46.18833047182129,613.5008962668837,1252.0268990093598,2498.1941613214217,1927.9165076663,3751.058740055393,1342.3931846733433,-0.0026912578642585,3.564497485228522,0.4078960439298485,0.6239386824458779,1.0180895971058694,0.1426935389649536,1.2805465692050777,0.430580517669931,0.1394080169875927,0.4072566388430137,0.1954312498438281,0.1132193454844059,0.4337854122654981,1.2849487538241948,1.4471030067117532,0.4281780641746383,0.1078920706358951,0.0957949854450607,0.1566362672570654,0.1116558577056302,0.0732282004444366,0.2114915854822021,0.0938903693380048,0.0714088107547454,0.0548183571084625,0.0626744268915474,0.1228902295315498,OK,623.5734576471452,623.5734576471452,0.9917597306320348,3.9364477085327465,35.64556473607156,0.0,1255.4161028339504,627.7080514169752,0.9983355775561672,0.0,31.709117027538817,0.0,1920.4053770582832,640.1351256860944,1.018100164516281,-10.828018315658367,20.881098711880448,0.0,2498.9582748096777,624.7395687024194,0.9936143669573676,-4.922698122658471,26.786418904880342,0.0,3150.2908963818704,630.0581792763741,1.0020733283282777,-14.8684560928455,16.840660934693318,0.0,3756.2331992554527,626.0388665425754,0.9956808296333546,-8.524092537207707,23.18502449033111,0.0,4403.200921772965,629.0287031104235,1.0004360023765164,-17.208543142398476,14.50057388514034,0.0,5030.036517008009,628.7545646260011,1.0,-16.541680414406514,15.167436613132304,1.0,628.7545646260011,5.109179426392886,0.008125872500714,7.0,0.05,0.0,0.0,4.197196782721828e-07,4,01-09_gambiae
gambiae_female,sf2_data_final/2024-01-09_330026_gambiae_female/002/4_048.wav,11016.0,OK,0.0609523809523809,16.0,1411200.0,44100.0,2.0,2024.0,1.0,10.0,5.0,29.0,36.0,68.7,30.0,0.0,25.3,1010.3,604.1095890410959,595.9459459459459,602.9296875,602.9296875,603.5744723960676,0.0827007836250677,3.108842815502763,0.0580498866213151,605.0679079233946,1204.1111343981004,1807.241270034286,2409.5804498674165,3007.92728562842,3619.002410443296,1126.9622787262958,-0.0006237565144928,0.1282111338648255,0.8422171912827479,1.5194308983579088,5.26327340940804,0.8618021221016992,15.175270418489813,0.7945463499148481,3.989638476585327,0.5463441770853201,0.2407452702947396,0.817456715799458,4.795840085791523,16.891621087956004,5.4991660041686,0.7872959445412664,0.1279912806146622,0.2382542680203239,0.3673906836776054,0.3261691367602682,1.6230666938516791,0.2109323469288584,0.3383057002417428,0.1463159100828314,0.1448237841992609,0.5138469415263741,4.0369360420518765,OK,605.904475081672,605.904475081672,1.007061524434601,1.4279156446689,51.60467232687343,0.0,1203.3592193271256,601.6796096635628,1.0000394614139927,0.0,50.17675668220453,0.0,1805.652260550154,601.8840868500514,1.000379318793507,-13.127590667898048,37.04916601430648,0.0,2406.5717039242327,601.6429259810582,0.9999784902102068,-23.425096849913217,26.75165983229131,0.0,3005.380841390373,601.0761682780746,0.9990364937407556,-23.78378861082455,26.39296807137997,0.0,3619.92789309063,603.321315515105,1.0027681073730843,-28.194110382650106,21.982646299554425,0.0,4163.03822510467,594.7197464435243,0.9884716140841252,-40.18573944640864,9.991017235795889,0.0,4824.148895722521,603.0186119653151,1.0022649899497282,-34.08145307344934,16.095303608755188,0.0,601.6558674722953,2.982869794651882,0.0049577673150328,8.0,0.05,0.0,0.0,1.4657889897491603e-05,604.1095890410959,588.0,602.9296875,602.9296875,603.5021552877287,0.0575345381236174,3.0750537547780845,0.0580498866213151,605.058249632964,1204.091497349605,1807.2393349368788,2408.7811403134024,3006.151749872184,3617.720793083432,1126.2987184417675,-0.0006237565144928,1.1673237904237677,0.7402945473283739,1.0823997826509788,3.599678854650356,0.6045327798369091,10.281867787771764,0.5404614856209161,2.659415144775717,0.3519880353818172,0.1473210845472498,0.5582818398077543,3.309789705509896,11.483727668425193,3.733148598450504,0.5187112595736948,0.1065256964954925,0.1608998676887612,0.2281838357387307,0.2029070716818774,1.159581118444738,0.116423838969049,0.2204288652383815,0.0693029160482842,0.0923835940741947,0.354629284672324,2.6945197170477786,OK,606.0770817720954,606.0770817720954,1.0067219798461582,1.4072550625933644,51.87839045338215,0.0,1203.246751933093,601.6233759665465,0.999324169136826,0.0,50.47113539078879,0.0,1806.812582755742,602.2708609185806,1.0003996714985497,-12.1139538870749,38.35718150371389,0.0,2402.101922592577,600.5254806481441,0.9975005143875418,-18.69365397283609,31.7774814179527,0.0,3003.0084137791937,600.6016827558387,0.9976270896022036,-18.551115639719967,31.92001975106882,0.0,3617.8650095290495,602.977501588175,1.0015734342348894,-21.22500521094503,29.24613017984376,0.0,4188.939901819042,598.4199859741487,0.9940031906468676,-34.69504408119079,15.776091309598002,0.0,4829.968024628072,603.746003078509,1.0028499506469633,-26.99902795360948,23.47210743717931,0.0,602.0302465877548,2.173146428345054,0.0036096964241617,8.0,0.05,0.0,0.0,7.02428535857637e-06,604.1095890410959,595.9459459459459,602.9296875,602.9296875,603.7886469017704,0.0208464662821199,3.4418283271520727,0.0580498866213151,604.8582640116286,1204.1862227051993,1807.3277194493344,3008.2115582904894,2409.609625100494,3619.225800973807,1127.1083342205582,-0.0006237565144928,0.5966836923339277,0.3342565848975493,0.399535842854094,1.324435985619385,0.2427066180414532,3.2687668439298427,0.199346608029266,0.6970795832067307,0.1381913240714912,0.0800793306002119,0.2278260158615923,1.1726499816515703,3.667554998361348,1.364058213711792,0.2035660428272468,0.0612522807828777,0.0823711599734361,0.1338055834877461,0.0983449191414493,0.4284568497446747,0.0819738243903522,0.131841956739334,0.066830052235086,0.0543003374384519,0.1079725601449439,0.7174401283738379,OK,605.3359059175068,605.3359059175068,1.00545506175111,2.507279373875477,42.65739249043845,0.0,1203.7142555236596,601.8571277618298,0.9996768565081332,0.0,40.15011311656297,0.0,1806.294343268206,602.0981144227354,1.0000771322156428,-9.806515206650214,30.34359790991276,0.0,2408.55336175727,602.1383404393175,1.0001439471056752,-17.903972560828795,22.246140555734176,0.0,3005.874558974938,601.1749117949876,0.9985437046657206,-16.158539044945094,23.99157407161788,0.0,3620.703327114498,603.4505545190831,1.002323517614716,-18.26525624390299,21.88485687265998,0.0,4176.738502604985,596.6769289435694,0.9910726136872772,-29.247678458008807,10.902434658554164,0.0,4829.45224755778,603.6815309447225,1.0027071664517238,-23.64001535254972,16.510097764013253,0.0,602.0516768429691,2.3744365664288103,0.0039439082353857,8.0,0.05,0.0,0.0,8.801051167427517e-07,4,01-09_gambiae
gambiae_female,sf2_data_final/2024-01-09_330026_gambiae_female/002/4_060.wav,8456.0,OK,0.0464399092970521,16.0,1411200.0,44100.0,2.0,2024.0,1.0,10.0,7.0,22.0,47.0,78.1,30.0,15.5,18.2,1011.2,580.2631578947369,588.0,602.9296875,602.9296875,585.2497026222068,0.0674569295567368,3.1284686925738456,0.0348299319727891,567.6350608532723,1168.497524264109,1764.273007823628,134.71554866955992,2965.229230165197,2408.025148656798,1084.844210275791,-0.0027477569516458,1.4571526025905168,4.488705597716771,4.899140458331502,3.2006217469328933,4.003583737294364,9.522278481630998,1.3441830998179447,3.867664968366292,1.9159417611467429,1.5437179621520785,3.5885670980080286,9.454675918810835,10.177103781315932,2.82514555486344,1.0159404546980586,0.7356974263236133,0.57118037597339,0.5473705172688976,1.018426981034637,1.0613582555366918,0.4500297210785389,0.5608798134613496,0.4217490726472032,0.8151356099582938,2.021926319056768,3.7802158705201823,OK,581.1162577320886,581.1162577320886,0.9815610903656772,-2.8054945236797835,32.063731343564214,0.0,1176.3639390741355,588.1819695370677,0.9934957552304526,0.0,34.869225867244,0.0,1762.991844043939,587.6639480146463,0.9926207671990296,-7.234151075007553,27.635074792236445,0.0,2400.6037102822056,600.1509275705514,1.0137124732134204,-14.611108698868104,20.258117168375893,0.0,2954.98446202945,590.99689240589,0.9982504299167188,-12.16500750756584,22.70421835967816,0.0,3573.4002821763584,595.5667136960598,1.0059692963374605,-12.444594102272903,22.42463176497109,0.0,4165.185213815436,595.0264591164909,1.0050567545402884,-14.798166161183644,20.07105970606036,0.0,4780.467141661291,597.5583927076614,1.0093334331969517,-16.248273237837967,18.62095262940603,0.0,592.032695097557,5.831450006285171,0.0098498783168119,8.0,0.05,0.0,0.0,8.852695827954449e-06,588.0,588.0,602.9296875,602.9296875,584.8798979331164,0.0498594942480608,1.831534321094208,0.0348299319727891,567.5847439462937,1168.3726267684888,1764.2595527306746,2966.7377159210323,2408.6712496880086,3573.5734499651167,1126.32930429844,-0.0027477569516458,5.399116430261452,4.248295663416123,3.944038513321608,2.3556937523124235,2.8878871775403403,6.500913754549941,0.9535891172535198,2.64029022270091,1.3067838772364015,1.0670725221428117,2.4713749159563263,6.504691011412877,6.949078207484193,1.8993834638117788,0.687261449466568,0.5271654070298618,0.4080289497513184,0.3859978708888859,0.7107139114338482,0.71112505057262,0.2959613375231487,0.3988429976025948,0.32879033325291,0.5530589391581546,1.3739766664002129,2.5596232153862566,OK,583.5400816058925,583.5400816058925,0.9852448283810384,-4.850913968896009,32.365449136774544,0.0,1175.972046394023,587.9860231970115,0.992751323818129,0.0,37.21636310567055,0.0,1761.5961959145232,587.1987319715078,0.991422067040732,-8.079689019455543,29.13667408621501,0.0,2405.8576172020703,601.4644043005176,1.0155081244146418,-14.24319590042678,22.97316720524377,0.0,2955.8956317564243,591.1791263512848,0.9981425359531674,-10.88051536839729,26.335847737273262,0.0,3572.273246116935,595.3788743528224,1.0052333599247298,-11.278020420919749,25.938342684750804,0.0,4168.411726285896,595.4873894694138,1.0054165760581075,-13.426934128080962,23.78942897758959,0.0,4767.995832537724,595.9994790672155,1.006281184409454,-15.588613870673488,21.627749234997065,0.0,592.2792637894582,5.476470007015625,0.0092464321171345,8.0,0.05,0.0,0.0,4.713405814982252e-06,595.9459459459459,588.0,86.1328125,602.9296875,86.1328125,0.0216039130777939,1.866283997022009,0.0348299319727891,566.7580452384341,1168.871086696865,1764.7484035505267,2966.271489307277,3573.5458226685028,4173.061606961257,1422.378819040586,-0.0027477569516458,3.124852574657328,2.159571623266301,1.868866993783692,1.0989137121932924,1.2237416523281357,2.31951793440657,0.3649034003061809,0.7272618939728032,0.4517022401871554,0.4604763332161234,0.9976122243875084,2.3147059163345607,2.377935056977005,0.6794482074158564,0.2467716122255702,0.2082299814082738,0.1467968307706746,0.1491917206121457,0.2425768395122448,0.3112396494294655,0.1558451705608,0.1980962258123259,0.1519390506692299,0.167795154976566,0.3690385201558616,0.6993410367207608,OK,584.258098882742,584.258098882742,0.9861709664919146,-0.3947743279831464,30.766003816422785,0.0,1176.960150475898,588.480075237949,0.9932972528209912,0.0,31.16077814440593,0.0,1764.1034037197517,588.0344679065839,0.9925451108934964,-5.380215670483409,25.78056247392252,0.0,2399.146714896763,599.7866787241908,1.0123817021578343,-11.56887610286752,19.59190204153841,0.0,2958.457330401356,591.6914660802712,0.9987177688854024,-8.489368942247122,22.67140920215881,0.0,3572.080722961431,595.3467871602385,1.0048875961058772,-8.371862581828491,22.78891556257744,0.0,4166.198751194648,595.171250170664,1.0045913067039935,-9.862848871390604,21.297929273015328,0.0,4774.721428911343,596.8401786139178,1.0074082959404913,-12.72424758667789,18.43653055772804,0.0,592.4511253470696,4.896898700741021,0.0082654897446136,8.0,0.05,0.0,0.0,8.479861435262137e-07,4,01-09_gambiae
gambiae_female,sf2_data_final/2024-01-09_330026_gambiae_female/002/1_027.wav,6920.0,OK,0.0377324263038548,16.0,1411200.0,44100.0,2.0,2024.0,1.0,10.0,2.0,54.0,20.0,72.9,32.0,0.0,34.5,1009.3,595.9459459459459,580.2631578947369,602.9296875,602.9296875,602.7172631809456,0.0608068417549314,3.491404512045669,0.0348299319727891,608.8616207759976,1170.13508171339,1759.1300688206436,2310.885776938061,80.19239672524232,2891.6666278339253,1055.922763477994,-0.0027507353172077,0.7421501209744314,1.830956478738736,3.631122158281789,5.707793176981311,1.6237266001468231,10.520257639597558,2.301067908150637,4.602658627535573,1.822595884411232,0.9906508651790804,1.619168515757584,6.073709562635154,11.370424923401782,5.968164529409419,2.177685244603877,0.7191392396313885,0.7101488055321722,0.2499472895374235,1.366340350419175,0.8390878851342296,0.4577465630607514,0.3473710112969488,0.312633957547807,0.4483401246416549,2.3477008612510644,5.240099143377852,OK,616.8564902661843,616.8564902661843,1.045688994744366,0.4200212014164606,44.461798605642414,0.0,1179.1435956851728,589.5717978425864,0.999436255180858,0.0,44.041777404225954,0.0,1752.987421779257,584.3291405930856,0.9905489546895332,-8.498640674009621,35.54313673021633,0.0,2308.0179761596987,577.0044940399247,0.9781322866121208,-15.81944666669316,28.2223307375328,0.0,2933.093194194858,586.6186388389716,0.9944300893731876,-22.6840573987252,21.357720005500752,0.0,3509.771720531278,584.9619534218797,0.9916216927108472,-25.00150245133944,19.04027495288652,0.0,4110.879785140259,587.2685407343226,0.9955317966103746,-29.64283590072485,14.398941503501096,0.0,4740.990169501833,592.6237711877292,1.0046099300787128,-31.281217269792155,12.7605601344338,0.0,589.9043533655855,11.03167951536304,0.0187007935310596,8.0,0.05,0.0,0.0,8.691374275188606e-06,621.1267605633802,572.7272727272727,86.1328125,602.9296875,86.1328125,0.044633603529844,2.067765275419148,0.0348299319727891,45.74678693650236,608.7305475548566,1170.0776945348732,1759.07561498603,2310.697471324416,2927.8744761037133,1074.799497853408,-0.0027507353172077,10.139558025488498,2.334033374219412,2.832318868938104,3.941100349750743,1.1611036270712043,7.13059866291796,1.5541640219187494,3.0755728013833243,1.23655184925077,0.6428261576576608,1.0962157088099187,4.167576789128656,7.743909858038707,4.04186452490275,1.4713584614140942,0.505378332916957,0.4931984570399851,0.1945089987006324,0.9765766102714948,0.5773696123972984,0.2818291504911707,0.2899782469035131,0.2289128007648163,0.2576163830500116,1.5747600762537977,3.5901775531310416,OK,617.6398278988871,617.6398278988871,1.0497934087648326,-1.2962446528621283,43.6532519390825,0.0,1180.0149463309133,590.0074731654566,1.0028270983724337,0.0,44.94949659194463,0.0,1753.3137528342036,584.4379176114012,0.9933606060150882,-6.686944335751228,38.2625522561934,0.0,2308.610665259452,577.1526663148629,0.9809779706233284,-12.766453360962736,32.183043230981895,0.0,2927.331441489984,585.4662882979967,0.9951085126749089,-17.012917465096688,27.936579126847946,0.0,3506.4562589165016,584.4093764860836,0.993312095080586,-17.952770008298174,26.996726583646456,0.0,4099.125076766767,585.5892966809668,0.9953175882296768,-19.22072464761181,25.72877194433282,0.0,4656.403873499918,582.0504841874897,0.9893027202391448,-20.95989034500878,23.98960624693585,0.0,588.3441663303931,11.578402970644348,0.0196796426874781,8.0,0.05,0.0,0.0,4.509562971249509e-06,1191.891891891892,580.2631578947369,86.1328125,602.9296875,86.1328125,0.0183295767660201,2.14191672250372,0.0348299319727891,46.08825212918799,608.1983260016269,1170.331735249423,1759.9047884327415,2310.316023263289,2964.808139087979,1084.8403618655764,-0.0027507353172077,5.34337578026908,1.2394958879322888,1.17450667592612,1.4249690454682846,0.4789349464173066,2.318290436335498,0.5663345846338487,0.7927104184625678,0.3990062182082534,0.2955003562150263,0.4617463467558433,1.3301382634143073,2.5107306635474846,1.4228225099601262,0.5362543884894703,0.2335012069525876,0.2068025910499259,0.0827601779096029,0.3308884474891507,0.2226189414498424,0.1486951931711498,0.144115404912315,0.1164257417024916,0.1041233213876741,0.4241205304971544,1.0284807691884563,OK,617.8474850719472,617.8474850719472,1.046325056985787,1.6787586151889329,39.57765798790848,0.0,1178.755963617626,589.3779818088129,0.9981119374961328,0.0,37.89889937271955,0.0,1753.8643056910014,584.6214352303338,0.990056723240137,-6.451241238521142,31.44765813419841,0.0,2308.6099388658445,577.1524847164611,0.9774080514224606,-10.698993373786752,27.199905998932795,0.0,2955.0564811562954,591.011296231259,1.0008779563720416,-13.930296100327524,23.968603272392023,0.0,3509.5533514273143,584.9255585712191,0.990571756285785,-15.7394991519538,22.159400220765747,0.0,4107.501301464575,586.7859002092249,0.99372224587655,-18.49931660757482,19.39958276514473,0.0,4737.766497545286,592.2208121931608,1.0029262723211056,-20.12358639054856,17.775312982170995,0.0,590.4928692540524,11.235817163962013,0.0190278625686975,8.0,0.05,0.0,0.0,6.857636225714276e-07,1,01-09_gambiae
gambiae_female,sf2_data_final/2024-01-09_330026_gambiae_female/002/4_052.wav,8968.0,OK,0.0493424036281179,16.0,1411200.0,44100.0,2.0,2024.0,1.0,10.0,6.0,42.0,38.0,75.9,30.0,2.6,20.1,1010.9,588.0,588.0,602.9296875,602.9296875,597.5819309594913,0.0665933589335541,3.2859243974838703,0.0464399092970521,600.4081479714414,1170.5580935413475,1754.5955686755242,2328.904480132867,2892.149613490239,3567.1958770562155,1100.0775970840014,-0.0020956480107892,0.1762716173810071,0.8388261363377789,1.284419961902219,3.784856015795663,0.9199503643492032,10.63498625064838,0.6472493229011004,4.07267343638314,1.937004673812716,0.2502826754366389,0.8961692084680049,6.947515116187244,11.424959029984445,3.988773156269581,0.5787184259721588,0.5086677732111887,0.5671511579033182,0.277000843767967,1.751243017540938,0.7719964300546142,0.3228129078967603,0.2623576964587764,0.2532794953154045,0.3606658319607414,1.86925310955904,4.634968147667832,OK,598.5053805928384,598.5053805928384,1.019363258426079,4.394423743032917,47.81369470733446,0.0,1175.641440145043,587.8207200725215,1.001165342891254,0.0,43.419270964301546,0.0,1746.1133518706731,582.0377839568911,0.9913159534066353,-6.667198520355264,36.75207244394628,0.0,2335.589180044957,583.8972950112393,0.9944830381295198,-17.65868294746725,25.760588016834298,0.0,2899.820860119562,579.9641720239124,0.9877842160400996,-16.38042855972435,27.0388424045772,0.0,3556.3630352171035,592.727172536184,1.0095219216837747,-23.8257106655382,19.59356029876336,0.0,4061.9729291342114,580.281847019173,0.9883252741972856,-27.956536040306744,15.462734923994802,0.0,4734.861332413101,591.8576665516376,1.0080409952253524,-25.70390762904212,17.715363335259433,0.0,587.1365047205496,6.306569455619485,0.0107412320728058,8.0,0.05,0.0,0.0,1.000346417319687e-05,588.0,580.2631578947369,602.9296875,602.9296875,597.5445742713881,0.047584081525943,3.0287475153014327,0.0464399092970521,600.3815890780816,1170.546018327337,1754.5838400241284,2329.1193622643973,2893.2212777620125,3567.2245886835603,1100.269590649991,-0.0020956480107892,2.195428033480728,0.8187534419581558,0.9425719783211146,2.618325607712387,0.6226891650696762,7.256187827125375,0.4045764105568677,2.720726242807638,1.3228150141881068,0.1338199451955718,0.5881012031647112,4.760754356590152,7.806337523299374,2.7294540226042825,0.372017204009446,0.3409569628058432,0.3938657513235648,0.1724053958470962,1.197247962375429,0.5211292329079427,0.2109281979142207,0.1612038311256311,0.1493136932951018,0.2216968586386051,1.233545619395223,3.132450226378912,OK,600.3362545338292,600.3362545338292,1.0220119018763727,1.6675709217412376,49.317947185469976,0.0,1176.196770813489,588.0983854067445,1.0011781644383462,0.0,47.65037626372874,0.0,1746.2404858275952,582.0801619425317,0.9909327462046046,-5.5757550798863065,42.07462118384243,0.0,2334.4201756852017,583.6050439213004,0.9935287039191166,-13.266192667236416,34.38418359649232,0.0,2901.193538365667,580.2387076731334,0.987797856106142,-12.598714344096152,35.051661919632586,0.0,3560.4541803981674,593.4090300663612,1.0102190011490644,-18.064641888305168,29.58573437542357,0.0,4054.045889763152,579.1494128233074,0.985943441529699,-21.983801028154936,25.6665752355738,0.0,4738.668775606589,592.3335969508237,1.0083881847766551,-19.67975021579729,27.970626047931443,0.0,587.4063241647539,6.9851770730910125,0.011891559191201,8.0,0.05,0.0,0.0,4.963870571159264e-06,595.9459459459459,588.0,602.9296875,602.9296875,597.6466384671626,0.0195001025994642,3.4952801019252178,0.0464399092970521,600.0183774621056,1170.60260576759,1754.6006327336827,2891.448418216273,2329.71252323881,3565.6433576453505,1099.6792704092677,-0.0020956480107892,1.1500680652616504,0.3645026333594993,0.3764787610679678,0.9675656043388724,0.2671630644584496,2.408788232119223,0.1738161851960124,0.7111460783207115,0.4261592536882913,0.1007322416681228,0.2425468003468207,1.6156862314609095,2.5867840561534603,0.9842636130124124,0.1576291121421064,0.1926585869451689,0.1771875016536198,0.0771273425989799,0.417969627924167,0.2073739259526598,0.1351586474108234,0.1060248119674768,0.1011261886871076,0.0941695806464549,0.3433176403437078,0.8932612743733788,OK,598.2784486990145,598.2784486990145,1.0188910283091897,7.284903055981417,43.090394607084114,0.0,1175.7692834747793,587.8846417373896,1.001189978428142,0.0,35.8054915511027,0.0,1745.7713180698752,581.9237726899584,0.9910383909749072,-4.614254836972762,31.191236714129936,0.0,2337.923308433295,584.4808271083238,0.9953931522260208,-13.22844168073155,22.577049870371148,0.0,2899.7323528035454,579.946470560709,0.9876709699953786,-10.02961922650556,25.77587232459713,0.0,3556.7368199953776,592.7894699992296,1.0095430881252292,-14.013610085986109,21.79188146511659,0.0,4060.886357908924,580.1266225584177,0.9879777757220374,-17.459668722704215,18.34582282839848,0.0,4736.455776650685,592.0569720813356,1.0082956162190957,-14.26654209181562,21.53894945928708,0.0,587.1859031792973,6.284011023954005,0.0107019105702801,8.0,0.05,0.0,0.0,7.750910727361984e-07,4,01-09_gambiae
gambiae_female,sf2_data_final/2024-01-09_330026_gambiae_female/002/3_020.wav,6408.0,OK,0.0348299319727891,16.0,1411200.0,44100.0,2.0,2024.0,1.0,10.0,0.0,55.0,46.0,73.5,32.0,0.0,30.7,1009.8,648.5294117647059,630.0,645.99609375,645.99609375,646.1049830143352,0.0569557575337712,2.461948711574833,0.023219954648526,645.4057659344033,91.44311661392766,1335.2326660561664,1895.796336623641,2583.320088616766,3187.7532113773063,1168.6960244315258,-0.0029482616355622,3.644169710629976,2.8788121322401574,5.551154461130621,5.86681012765864,1.352855245911563,5.376320701879488,5.511863463838616,1.5007920182305845,1.6132883777615157,2.0456045018825746,1.0339272840234772,2.3223919689291352,5.723918844381895,7.843390955516219,5.7452465196185045,2.329942497281968,0.8926875109864122,0.736264943832599,0.7090195084867272,0.6781720016287089,1.3041263981943727,0.9137416998026676,0.5586921304473896,0.4292008199607504,0.3917308393940173,0.7181041258705041,OK,649.4671217411147,649.4671217411147,1.0066819067580657,-1.175236986558474,36.29517916159797,0.0,1337.7236272323205,668.8618136161602,1.036743914124065,0.0,37.470416148156446,0.0,1898.4452739724784,632.8150913241595,0.9808710578784576,-2.008740450251352,35.46167569790509,0.0,2579.692267523028,644.923066880757,0.9996385666749296,-8.427499971582836,29.04291617657361,0.0,3198.866908741,639.7733817482,0.9916564923328928,-14.40257947333454,23.067836674821905,0.0,3829.7732095514166,638.2955349252361,0.9893658118537187,-17.3498565334502,20.120559614706245,0.0,4493.704072932355,641.9577247046221,0.9950422503778722,-21.92788387104784,15.54253227710861,0.0,5161.249982788856,645.156247848607,1.0,-34.5555380816483,2.9148780665081446,1.0,645.156247848607,10.81778416296849,0.0167676965061446,7.0,0.05,0.0,0.0,6.060779924155213e-06,1191.891891891892,639.1304347826087,86.1328125,645.99609375,86.1328125,0.0484364704711011,0.8528716566233762,0.023219954648526,41.52223965946665,645.2942968085093,1335.4706076241453,1895.89190829098,2583.813845203648,3188.410724565402,1182.1522665137195,-0.0029482616355622,23.929864200344767,6.209671923410007,4.540487748326568,4.2318130166930095,1.0147300141815332,3.690011175994419,3.766870237639116,1.0148921690271406,1.106382178396922,1.424418317120901,0.7426463499004174,1.610421221807424,3.9547525247641495,5.386846562706662,3.924129525229907,1.5707557692561165,0.5798470989025518,0.5292683858216278,0.5121213854862727,0.4809556945258295,0.93046402364322,0.6570121331339467,0.3870777210072944,0.2940183584848922,0.2999016902337886,0.458963928743948,OK,651.4751656335553,651.4751656335553,1.0091367390072536,4.04445754894477,37.33323573220915,0.0,1343.1825445657355,671.5912722828677,1.0402966409290215,0.0,33.28877818326438,0.0,1900.0899168559013,633.3633056186338,0.9810814203750552,0.0172504854097041,33.30602866867408,0.0,2586.7002772380006,646.6750693095001,1.001701377220796,-3.3216501427610154,29.96712804050336,0.0,3206.29086087966,641.2581721759319,0.9933105893638396,-6.301717544732611,26.98706063853177,0.0,3813.105867595343,635.5176445992239,0.9844184971022616,-7.36066385378124,25.928114329483137,0.0,4474.093883751496,639.1562691073566,0.9900547360017724,-8.344939831423027,24.94383835184135,0.0,5164.613598545222,645.5766998181527,1.0,-16.59371713840745,16.695061044856928,1.0,645.5766998181527,12.088834850602348,0.0187256368670175,7.0,0.05,0.0,0.0,3.833747541648336e-06,1191.891891891892,639.1304347826087,86.1328125,645.99609375,86.1328125,0.0223773031728163,0.802700620886859,0.023219954648526,42.428224083302894,644.4469749065422,1896.7794526365603,1335.0820634629472,2583.3431981792173,3185.668038950543,1181.3039125310086,-0.0029482616355622,13.25321923182602,4.066228421176384,2.148261942675136,1.6617815542190837,0.4030680140338052,1.257259016976362,1.2269828606606012,0.3065513690711984,0.293690409056398,0.4746345383476381,0.2883721313251293,0.5808058351138576,1.2993152722769892,1.8079706644088624,1.2466260550658506,0.5280831541311657,0.2177774420895326,0.2219314040710912,0.1945880790668855,0.1654675624818717,0.3638746046992828,0.2552265453264201,0.1759922871683089,0.1470198850762237,0.1404378229955963,0.1479155858755285,OK,650.3793549688548,650.3793549688548,1.009162979416114,8.634413856506946,34.465847902835534,0.0,1337.077912425921,668.5389562129607,1.0373403764329487,0.0,25.83143404632859,0.0,1901.2240862278093,633.7413620759364,0.9833465903332752,9.811682246058588,35.64311629238718,0.0,2579.531673330016,644.8829183325039,1.0006344178470317,5.595289405649531,31.42672345197812,0.0,3174.4600886328067,634.8920177265613,0.9851320084524008,2.664971272101713,28.496405318430305,0.0,3828.8865650484095,638.1477608414016,0.9901837915338962,-0.4348847156872253,25.396549330641363,0.0,4485.151980983529,640.7359972833613,0.9941998359843331,-2.8057552510924104,23.02567879523618,0.0,5155.792419933235,644.4740524916543,1.0,-13.764144788194656,12.067289258133933,1.0,644.4740524916543,11.181364702819383,0.0173495964028189,7.0,0.05,0.0,0.0,7.820187117128322e-07,3,01-09_gambiae
gambiae_female,sf2_data_final/2024-01-09_330026_gambiae_female/002/1_014.wav,6408.0,OK,0.0348299319727891,16.0,1411200.0,44100.0,2.0,2024.0,1.0,10.0,0.0,2.0,57.0,73.4,32.0,0.0,27.8,1010.1,565.3846153846154,572.7272727272727,559.86328125,559.86328125,562.0843615435059,0.0417800488311066,3.2910298507092848,0.023219954648526,556.0556491065579,1164.5091470360076,211.30540934593105,1766.3321318850744,944.6200303346008,1516.380788639966,582.9143548732693,-0.0030076939650848,1.9725666246000904,6.2849770355391765,6.236020978790704,2.957754161384936,5.938844035333998,5.419177515766325,1.5260009021870728,3.2313774319932165,1.776022898396311,2.795975137621185,5.093508766530185,7.01305772815531,5.452473277980253,2.23603794336264,1.2465052133466423,0.8800236982874842,0.8772392664508812,0.5762575009612858,0.7387576274271391,0.7043050513041663,0.584616972687416,0.3718310695622605,0.3963691178587436,0.6893493117433327,1.4830658836851978,2.070234931038728,OK,597.6764590503864,597.6764590503864,1.0,1.5649563009793148,26.963568203857573,1.0,1170.587059772036,585.2935298860181,0.9792815511187394,0.0,25.39861190287825,0.0,1768.899079176063,589.633026392021,0.98654216250855,-7.627512038216153,17.771099864662105,0.0,2540.504689560149,635.1261723900373,1.062658839531931,-12.319794991101212,13.078816911777048,0.0,2872.5501469393007,574.5100293878602,0.9612391799748412,-11.43680306280303,13.961808840075228,0.0,3471.200747048774,578.5334578414623,0.9679709633547569,-10.766665229925344,14.631946672952914,0.0,4360.737768834435,622.9625384049193,1.0423073035111816,-13.775317985723852,11.623293917154406,0.0,4781.411672403091,597.6764590503864,1.0,-19.2534522897556,6.145159613122665,1.0,597.6764590503864,22.960250218434847,0.038415851704976,6.0,0.05,0.0,0.0,3.535346574305246e-06,580.2631578947369,565.3846153846154,86.1328125,559.86328125,86.1328125,0.0332271976850763,1.4143511916717442,0.023219954648526,556.0097777597463,1164.61120168394,1766.7258879027222,942.011502172765,2540.364602717726,1546.3953981924396,697.3642543694849,-0.0030076939650848,8.224558204238225,5.829848823812631,5.112604681676715,2.3837147184582466,4.314505347813111,3.784076696986659,1.114275999007728,2.1866901619105845,1.223352589663803,2.033904101650853,3.579516973569625,4.819912909982087,3.718083089191062,1.5503422022854807,0.8724073795231188,0.6013989178538103,0.6017781344450196,0.3956467563671056,0.5096078776405911,0.448998041248524,0.4107967071926507,0.2189245293100169,0.2878843395668076,0.4368397785574358,0.9826077532247488,1.4089082082714974,OK,552.2933992604047,552.2933992604047,0.942540757606182,4.2253793512860085,28.524295075874875,0.0,1170.476011438693,585.2380057193465,0.9987638346381196,0.0,24.298915724588863,0.0,1771.993521536447,590.6645071788156,1.0080246710044576,-6.180628142786908,18.11828758180196,0.0,2540.9696375847507,635.2424093961877,1.084101064067858,-8.922579028203863,15.376336696385003,0.0,2883.912164878088,576.7824329756176,0.9843336025358694,-8.598067642250214,15.700848082338652,0.0,3483.8092310589423,580.634871843157,0.9909081526820502,-7.349942983254749,16.948972741334117,0.0,4144.901298771,592.1287569672858,1.0105235513220523,-12.671220663078824,11.627695061510044,0.0,4597.715466544308,574.7144333180385,0.9808043661434118,-11.902565621350972,12.396350103237893,0.0,585.9623520823566,21.971431904364387,0.0374963200729256,8.0,0.05,0.0,0.0,2.039553388992014e-06,595.9459459459459,621.1267605633802,86.1328125,258.3984375,86.1328125,0.0159391269836693,1.4859763020083396,0.023219954648526,554.7331823382427,1164.3510608016272,1766.5277928936846,1933.05557157952,2537.1086230094274,2878.757613745971,857.9523928259644,-0.0030076939650848,4.678313995973061,3.014964516338684,2.3534960484242147,1.1991801734285048,1.8532354241741409,1.3401359505208488,0.3519903659697576,0.7056543879099874,0.4522261947288317,0.7857351800450819,1.4223113117869088,1.7736820368834625,1.2766920655171652,0.5221396735983136,0.2681561479973587,0.1950849704424275,0.2038428939498534,0.1350104160523894,0.179513519241595,0.1751390616366741,0.1395943905759457,0.1106159336511767,0.0992233462791794,0.1395953890684994,0.2774485295664318,0.3975839344930035,OK,555.5624317459545,555.5624317459545,0.9458384307913192,4.2920901620157785,30.21886453650495,0.0,1167.7818669655958,583.8909334827979,0.9940673679878816,0.0,25.92677437448917,0.0,1768.4951944276752,589.4983981425584,1.003614009861843,-7.396734452151215,18.53003992233796,0.0,2531.018238934397,632.7545597335992,1.077257110373064,-9.912925425927536,16.013848948561634,0.0,2866.7726123416974,573.3545224683395,0.9761292535823258,-10.51937704002978,15.40739733445939,0.0,3472.436740451815,578.7394567419691,0.985297040121235,-12.111311256174377,13.815463118314796,0.0,3922.30317550184,560.3290250716915,0.9539534992225428,-15.625198738732117,10.301575635757054,0.0,4999.004860621977,624.8756075777471,1.0638432880597892,-15.856977852707942,10.069796521781228,0.0,587.3756168705821,26.21287422898687,0.0446271065330286,8.0,0.05,0.0,0.0,4.5137661193924333e-07,1,01-09_gambiae
gambiae_female,sf2_data_final/2024-01-09_330026_gambiae_female/002/3_051.wav,7944.0,OK,0.0435374149659863,16.0,1411200.0,44100.0,2.0,2024.0,1.0,10.0,6.0,14.0,50.0,73.8,30.0,0.0,24.8,1010.4,630.0,612.5,645.99609375,645.99609375,634.5835101180108,0.0837594041647521,4.567856781103127,0.0348299319727891,1254.8345424226998,609.5889106766576,1887.0783292848048,2532.388365375506,3143.5006027189265,47.20209837505644,1169.8520953479406,-0.0015574727203802,0.3780386443859154,0.6341591304297671,1.5581002846306524,2.2434926514879696,0.6205470002328894,4.899876451330904,1.3525064688979842,1.2280206551933466,4.737138151700464,2.0483853946431227,0.4835812181917802,1.5030172838698717,5.86646428205247,7.87906466858677,1.327419958736419,0.4117088079455639,0.4996219432865972,0.8083395561627419,0.6282224463913351,0.7796586383779357,2.0308149622095204,0.3025595389922887,0.3965409547832716,0.272804323328588,0.2795731620487623,1.101517853071921,OK,621.1646940515478,621.1646940515478,0.9910934538731624,-11.119569929211297,38.93479426742749,0.0,1254.1517924764398,627.0758962382199,1.0005250166258988,0.0,50.05436419663879,0.0,1879.772812600372,626.5909375334573,0.9997512453502744,-11.94220225103046,38.11216194560833,0.0,2508.765612103409,627.1914030258522,1.0007093123886754,-12.752597471428947,37.30176672520984,0.0,3139.7525118582807,627.9505023716562,1.001920486171845,-18.332794954740763,31.721569241898024,0.0,3790.858932779955,631.8098221299925,1.008078187318609,-23.05248851350656,27.00187568313224,0.0,4378.112555071626,625.444650724518,0.9979222982715362,-28.70593562122092,21.34842857541787,0.0,5013.974749800278,626.7468437250348,1.0,-31.733671294990604,18.320692901648183,1.0,626.7468437250348,2.934252431525891,0.0046817187208894,7.0,0.05,0.0,0.0,1.3282009361622232e-05,1191.891891891892,621.1267605633802,86.1328125,645.99609375,86.1328125,0.0588760684488998,2.8647168576930846,0.0348299319727891,40.2486013633845,1254.7726970715237,609.6436697435804,1887.1064789799843,2532.1628225861523,3143.0436979100173,1171.5122146477277,-0.0015574727203802,6.010897316624352,0.8409802908404083,1.2477599589754425,1.5614982350511766,0.40658186254348,3.3262367443240284,0.909551437486396,0.8082589816150478,3.174141670264796,1.406422780280281,0.3311499349395675,0.9986111840710332,3.999673061239231,5.346352856360401,0.9001863959001353,0.2713745617184017,0.3554700255380064,0.5441497281108022,0.4403285542901788,0.5258872655459186,1.4067579356286912,0.2100662029627198,0.2973491731860088,0.1951854995302063,0.1802504698273756,0.7209576169892465,OK,619.7830785419977,619.7830785419977,0.9895322132416842,-11.019036280508637,38.0797343071521,0.0,1254.5743253840023,627.2871626920012,1.001513071148894,0.0,49.09877058766074,0.0,1879.7954231153008,626.5984743717669,1.000413526322084,-11.198228049873869,37.90054253778687,0.0,2507.9472027212023,626.9868006803006,1.001033519679191,-9.286072520483849,39.81269806717689,0.0,3138.3323665479925,627.6664733095985,1.0021186702495022,-16.343781353281216,32.75498923437952,0.0,3778.344046586136,629.724007764356,1.0054036851092605,-21.61141233000337,27.487358257657363,0.0,4384.311877754179,626.330268250597,0.9999853142493852,-27.90396846460628,21.194802123054465,0.0,5010.715732126419,626.3394665158024,1.0,-36.23347935475756,12.865291232903177,1.0,626.3394665158024,2.8682156971447927,0.0045793309387002,7.0,0.05,0.0,0.0,6.497094485287865e-06,1191.891891891892,612.5,86.1328125,645.99609375,86.1328125,0.0218952435279309,2.9615658500890967,0.0348299319727891,40.53113292072725,1255.0242139124953,608.5297531599717,1886.98715117184,2532.317958582643,3144.006042424538,1171.8845612914115,-0.0015574727203802,3.0413162197761654,0.4864115348106363,0.4916077930579723,0.5765518134467474,0.1754847899298535,1.0266042178534724,0.3137571735957524,0.2387401674239311,0.8398108624524299,0.503532119930073,0.1427349755591266,0.3849680047511551,1.2577323625860055,1.6158214094654038,0.3069191639131159,0.110127487630986,0.1884371833794685,0.2737381053426234,0.2106548322710589,0.2198886880016538,0.5590868676111334,0.1027299477760893,0.1496070390520615,0.1119991907678234,0.0752493802328423,0.2127279438108398,OK,616.9040582081964,616.9040582081964,0.985257687574292,-13.187402043695265,32.51114035592188,0.0,1254.6641768023487,627.3320884011744,1.0019122982502702,0.0,45.698542399617146,0.0,1879.905792263625,626.635264087875,1.0007993998952796,-8.753715769028695,36.94482663058845,0.0,2509.261387066951,627.3153467667378,1.0018855601800438,-8.162055057154483,37.53648734246266,0.0,3139.885683317246,627.9771366634492,1.002942505056023,-14.374219616920378,31.32432278269677,0.0,3785.076287803729,630.8460479672882,1.0075244443048683,-18.871674804065314,26.826867595551832,0.0,4381.532275720528,625.9331822457897,0.9996781047392224,-25.89235000847804,19.80619239113912,0.0,5009.077856389155,626.1347320486444,1.0,-34.10598925956364,11.592553140053504,1.0,626.1347320486444,4.034050782163217,0.0064427839180303,7.0,0.05,0.0,0.0,8.787224942352623e-07,3,01-09_gambiae
gambiae_female,sf2_data_final/2024-01-09_330026_gambiae_female/002/3_018.wav,6408.0,OK,0.0348299319727891,16.0,1411200.0,44100.0,2.0,2024.0,1.0,10.0,0.0,23.0,51.0,73.1,32.0,0.0,30.0,1009.8,668.1818181818181,678.4615384615385,645.99609375,645.99609375,652.7611400530867,0.0900769761075056,3.3345492458281685,0.023219954648526,642.139028383258,1372.8351237613413,1298.5975759275443,78.81394302039423,169.03590216706343,2069.7508199387967,776.7896261533432,-0.002867490992645,2.7329803231525567,1.6439362747495228,5.693816568228575,7.072316681242417,2.8029321202656527,6.220492835450576,6.53396540638388,2.5572181930004145,3.191138144199511,2.043634750772716,1.7866740466456446,3.00516137320478,6.0103867791276055,8.539793006225134,7.21975842518053,3.730775243515263,2.251637630117569,1.4003315167099737,1.05824892858468,0.6845501262787382,0.6593577970801874,0.6024122451027472,0.8155265282195259,0.6819824456048449,0.4527714229099741,0.5145741941738249,OK,636.1490882941979,636.1490882941979,0.92668272120052,4.609504487515338,39.00076532001352,0.0,1367.533207487985,683.7666037439925,0.9960474811377636,0.0,34.391260832498176,0.0,2076.0037261418515,692.0012420472839,1.0080429349887752,-10.683443240004916,23.70781759249326,0.0,2769.9853840081405,692.4963460020351,1.008764156300742,-19.208112153178813,15.183148679319364,0.0,3526.153157634872,705.2306315269743,1.027314276987762,-16.22894326266714,18.16231756983104,0.0,4275.02078458135,712.5034640968917,1.0379086618587654,-22.044830260101364,12.346430572396812,0.0,4782.484871928586,683.2121245612265,0.9952397675256724,-23.60055012913904,10.790710703359135,0.0,5491.839428882973,686.4799286103716,1.0,-23.454947020477828,10.936313812020348,1.0,686.4799286103716,22.824578235660468,0.0332487189856575,7.0,0.05,0.0,0.0,1.099431756301783e-05,1191.891891891892,678.4615384615385,86.1328125,645.99609375,86.1328125,0.0638587269721371,1.4028531320247926,0.023219954648526,641.9201832816403,1372.9054621205255,1298.70097008251,2070.1397582133795,1937.5827425133489,2756.3740861007404,734.0904362774754,-0.002867490992645,11.984068945991346,3.2321025050715635,4.270043701824161,5.120163808291819,1.944067671325552,4.2378938481201045,4.440303021043516,1.7322635667558148,2.147688017598464,1.4597001921902204,1.2156512711920626,2.060132576622117,4.122359685199831,5.7803999571690925,4.892182798355815,2.49869433165618,1.4769541962806625,0.9495379038110016,0.7338382935306489,0.5284127441393663,0.5314326519561273,0.3881559840597212,0.5638520169491611,0.4607574888528709,0.326534612204574,0.3844149956613887,OK,635.9887272099911,635.9887272099911,0.9300070475312456,4.501510964412827,36.28764164998333,0.0,1367.2924353532037,683.6462176766017,0.99969665067254,0.0,31.7861306855705,0.0,2078.153780220676,692.7179267402252,1.0129622212736635,-10.335984533826656,21.450146151743844,0.0,2759.512863794748,689.8782159486871,1.008809708915989,-17.0694492195665,14.716681466004,0.0,3511.978106928072,702.3956213856143,1.027113925288215,-12.079570244834606,19.70656044073589,0.0,4190.971658359413,698.4952763932355,1.0214104463183469,-18.04896397697259,13.737166708597911,0.0,4786.97564958008,683.8536642257258,1.0,-17.71928633010126,14.066844355469245,1.0,5470.829313805806,683.8536642257258,1.0,-21.732341434772675,10.053789250797829,1.0,683.8536642257258,22.226660362286,0.0325020710204887,6.0,0.05,0.0,0.0,5.603161601660152e-06,1191.891891891892,689.0625,86.1328125,172.265625,86.1328125,0.0235040161806943,1.0051575308520917,0.023219954648526,641.1072199797874,1373.0514645994356,1298.6322255211503,2070.7750343576245,1939.3699742150056,2796.155293602299,746.2550307321708,-0.002867490992645,7.014921355516333,1.6735272677719517,2.097543205430836,1.9880165717936524,0.6194760797155472,1.4871205758818424,1.3935074907359284,0.5383011176209609,0.6039352261623928,0.4056127146378117,0.4701973722523251,0.76665728044216,1.4201254333026316,1.8980190539974573,1.5611431809440912,0.7950581473137899,0.4839125278906991,0.3048995757113549,0.259806502160402,0.1949912324186209,0.1867576421065537,0.1528958138256738,0.2363424927412556,0.1964933405078165,0.1262477368459247,0.1520656746407686,OK,635.2774688798149,635.2774688798149,0.9242904553603516,0.6202288795466302,40.26001760805135,0.0,1368.514761887719,684.2573809438595,0.9955532774229904,0.0,39.63978872850472,0.0,2079.374642705125,693.1248809017084,1.008454955784731,-7.494976072608878,32.14481265589584,0.0,2789.527817609716,697.381954402429,1.014648741330788,-12.819265565900558,26.82052316260416,0.0,3516.470724207141,703.2941448414282,1.023250622336698,-13.06681522953453,26.57297349897019,0.0,4274.639087271279,712.4398478785465,1.036557069422999,-19.771907837503623,19.867880891001093,0.0,4797.940289704521,685.4200413863601,0.9972448783414416,-20.97944247163053,18.66034625687419,0.0,5498.509393410453,687.3136741763067,1.0,-26.96791435266345,12.67187437584127,1.0,687.3136741763067,23.122450046392807,0.0336417721851719,7.0,0.05,0.0,0.0,8.222771915219104e-07,3,01-09_gambiae
gambiae_female,sf2_data_final/2024-01-09_330026_gambiae_female/002/3_025.wav,6408.0,OK,0.0348299319727891,16.0,1411200.0,44100.0,2.0,2024.0,1.0,10.0,2.0,32.0,1.0,73.0,32.0,0.0,34.5,1009.3,658.2089552238806,648.5294117647059,645.99609375,645.99609375,657.2624143352882,0.0533488303664812,4.622559167750487,0.023219954648526,1331.671501537069,692.7992037568697,89.59227064378443,1939.486339869915,2583.7201090897784,3226.0649209455614,1174.0384010348798,-0.0027708204901584,2.0004438330876178,1.631579975530553,3.3886176398616885,2.384833869644853,1.8618361228201967,2.263224507801157,4.584367432526431,1.3835444631073952,3.195352407143698,1.594026394147932,0.6873039450802313,1.1445504636835129,2.06801741313686,5.614154707750364,4.504145446790637,2.4237366789300854,1.2306568172721288,0.4181568497696459,0.6969657994581172,0.2494412922790891,0.6243466087902998,0.7429817497870798,0.2682150786974026,0.3693625163776472,0.1766050607448862,0.2623409220660904,OK,716.186507518903,716.186507518903,1.0891336239785714,-10.04645385852094,33.24773335811683,0.0,1324.0183711404272,662.0091855702136,1.0067439917082757,0.0,43.29418721663777,0.0,1943.505423116444,647.8351410388144,0.9851889521692084,-10.952654428517413,32.34153278812036,0.0,2584.567036740721,646.1417591851803,0.9826137582837252,-12.303223161647953,30.99096405498982,0.0,3220.699859922649,644.1399719845298,0.979569559984275,-19.62569238574888,23.668494830888893,0.0,3886.6768169459215,647.7794694909869,0.9851042902075527,-26.12585888809616,17.168328328541612,0.0,4472.506674795853,638.929524970836,0.9716458236683924,-31.40008312636844,11.894104090269336,0.0,5260.59606829653,657.5745085370662,1.0,-41.498650280845176,1.7955369357925974,1.0,657.5745085370662,24.79821651572336,0.0377116451349262,7.0,0.05,0.0,0.0,5.385953651663537e-06,1191.891891891892,630.0,86.1328125,645.99609375,86.1328125,0.0401411036755208,2.08045084064139,0.023219954648526,1331.533176959097,692.4896578083659,1940.0986561535533,2582.6432561392903,3226.515755028963,2160.06305166964,897.6316714076181,-0.0027708204901584,10.05735683816889,3.198553350806163,2.8248535455046886,1.9065441467117128,1.4017977496600222,1.5439298425111834,3.0750712455214826,0.9303713219218472,2.1490044488127675,1.09658755597269,0.4415742612708969,0.7758788177916008,1.3953576745945342,3.853977552581095,3.030117930107083,1.5902564125172869,0.8001317513924978,0.301933254751986,0.5111793607668456,0.1940396579653857,0.413849108944303,0.5041374982302048,0.145006953170124,0.2611248960073236,0.1650976404688346,0.1639242578148354,OK,717.0303628594279,717.0303628594279,1.0865359528685885,-9.251465615729892,33.52214093113594,0.0,1321.2346623591666,660.6173311795833,1.0010517247167567,0.0,42.77360654686583,0.0,1946.744366138035,648.9147887126784,0.9833185382453264,-12.010722025911209,30.76288452095462,0.0,2579.2331978452507,644.8082994613127,0.9770958614344256,-13.650097567702964,29.123508979162864,0.0,3223.004344393433,644.6008688786866,0.9767815361318694,-20.88077403134723,21.8928325155186,0.0,3883.4441914702847,647.2406985783808,0.9807817431338848,-28.68729392672797,14.086312620137852,0.0,4593.75395682867,656.2505652612386,0.9944346434691488,-30.897243750204325,11.876362796661503,0.0,5279.386188492924,659.9232735616155,1.0,-31.357274867466003,11.416331679399825,1.0,659.9232735616155,23.965639464211343,0.0363157967362909,7.0,0.05,0.0,0.0,2.894407468071828e-06,1191.891891891892,648.5294117647059,86.1328125,645.99609375,86.1328125,0.0163050296413197,2.292716976339204,0.023219954648526,1332.2982058435962,691.8600058794577,1937.5594228891955,2583.79889616876,3225.921540469268,2162.490100395845,897.8123391895087,-0.0027708204901584,5.654463700812904,2.032523301472477,1.3720440184641904,0.8693653353622484,0.6088751471206908,0.5933399060334098,0.96702248772954,0.3221167236104162,0.5983964283513898,0.358517701254535,0.1991709357175229,0.3160091380314869,0.5065261409085047,1.1903031241909512,0.9189296623765554,0.5537755127250584,0.2816286936865706,0.129283647041408,0.2187985562875941,0.0848926472380767,0.1706886280644119,0.181701712861407,0.0836453856207485,0.1504205604870565,0.0649362062925696,0.0766550414952102,OK,718.3652288878649,718.3652288878649,1.099169684855697,-8.415850617287454,30.231560912857333,0.0,1323.0963633728284,661.5481816864142,1.012233996217852,0.0,38.64741153014479,0.0,1937.24892700365,645.74964233455,0.9880606720893262,-9.476873080880644,29.170538449264143,0.0,2583.826823619054,645.9567059047635,0.9883774997837416,-9.052793312023027,29.59461821812176,0.0,3218.203400147981,643.6406800295963,0.9848337516609846,-15.948288271201925,22.699123258942866,0.0,3884.876828988575,647.4794714980959,0.9907074814003678,-23.4761312481046,15.171280282040186,0.0,4481.235553383644,640.1765076262349,0.9795332260567826,-22.576140368700443,16.071271161444344,0.0,5004.036425103613,625.5045531379516,0.9570836879352476,-24.13657268097885,14.510838849165935,0.0,653.552621388184,26.18189205481267,0.0400608783409066,8.0,0.05,0.0,0.0,4.799834035414582e-07,3,01-09_gambiae
gambiae_female,sf2_data_final/2024-01-09_330026_gambiae_female/002/3_049.wav,6408.0,OK,0.0348299319727891,16.0,1411200.0,44100.0,2.0,2024.0,1.0,10.0,5.0,30.0,34.0,68.9,30.0,0.0,25.2,1010.4,588.0,558.2278481012657,602.9296875,602.9296875,593.1399934688732,0.0895608875474907,2.6206599054291515,0.011609977324263,603.4082187119018,1202.573480765673,1080.3713850452818,83.12041548175085,1720.9578373279585,2324.584259277068,793.4787971589777,-0.0006592345108857,1.8844326553578448,3.6429161146977536,5.317839478409709,5.15131278938658,4.154387973928607,6.760663047268255,3.4765544793847027,2.55522622318265,2.2982241210963554,2.075660215148832,4.1644126669894606,6.47955970063938,7.418064250022193,4.914836190513843,2.438352904058526,0.8709433976423206,0.6975248971683313,0.7723155077506989,1.058821333173298,0.8436386292756662,0.6161246307646614,0.7124744607295355,1.2608708035119165,1.6703367805503326,1.751346264091094,2.3602782514342464,OK,607.3407833833138,607.3407833833138,1.053785970309701,6.036093934213987,40.18350021363827,0.0,1190.2387121670283,595.1193560835142,1.032580793614757,0.0,34.14740627942428,0.0,1712.1378612200874,570.7126204066958,0.9902331095122456,-6.911838832616624,27.235567446807657,0.0,2322.351431871484,580.587857967871,1.0073674549739005,-16.06052925411185,18.086877025312432,0.0,2836.866659017136,567.3733318034272,0.984439170463172,-16.967883983007496,17.179522296416785,0.0,3461.912742192981,576.9854570321635,1.0011169944921725,-25.927663345713167,8.219742933711114,0.0,4025.592479345865,575.0846399065521,0.9978189211964268,-23.27612904119473,10.871277238229553,0.0,4300.235566063602,537.5294457579503,0.9326575854376256,-23.26079552109133,10.886610758332946,0.0,576.3416865426859,19.209624097716627,0.0333302701266497,8.0,0.05,0.0,0.0,5.698223200549061e-06,1191.891891891892,565.3846153846154,86.1328125,602.9296875,86.1328125,0.0622054775049986,1.6881168125598578,0.011609977324263,80.20402834407653,603.1898019243812,1203.287768062751,1079.6745832211543,1721.0665486253902,2323.177356088984,793.936199717935,-0.0006592345108857,10.312965802942903,6.247506428095075,4.430010243119696,3.5691555430857527,2.94933424604017,4.567702444152916,2.34559965244549,1.697604041531844,1.5470463762570557,1.4359994006642336,2.889436901981537,4.379532952997436,5.0483808594875255,3.336451605211509,1.651897061143434,0.6293442146188543,0.504075056793189,0.5108813415486112,0.7042146884797768,0.5594755367148224,0.4175306971178347,0.5111706638313814,0.849391077454539,1.0609461180481832,1.1332598744825049,1.5645027141756382,OK,612.725796271941,612.725796271941,1.0532938232892834,5.102352959267151,40.72550660066452,0.0,1193.7284466690942,596.8642233345471,1.0260273087990162,0.0,35.623153641397366,0.0,1712.344755150034,570.7815850500114,0.9811904797192804,-7.365691867993757,28.25746177340361,0.0,2315.598140000652,578.8995350001629,0.9951454765421516,-16.04445878783561,19.57869485356176,0.0,2834.2251379472227,566.8450275894445,0.9744234206473978,-17.645894920493348,17.977258720904018,0.0,3480.015351900601,580.0025586501002,0.9970416069229676,-24.602486849503883,11.020666791893484,0.0,4005.199270094084,572.1713242991548,0.9835794827219476,-21.43737342086657,14.185780220530797,0.0,4603.985230481156,575.4981538101445,0.9892984013579548,-21.539793014256063,14.083360627141303,0.0,581.7235255006883,14.458620847608604,0.0248547982225131,8.0,0.05,0.0,0.0,3.016037226188928e-06,1191.891891891892,565.3846153846154,86.1328125,602.9296875,86.1328125,0.023250930007413,1.3015255938348744,0.011609977324263,80.50885682013264,601.9642098464931,1166.1587713176868,1720.759089700208,2839.4535540085985,2324.47489512809,1043.4222070854798,-0.0006592345108857,5.86728899095105,3.217197495629552,1.9311021295398056,1.3997685271054212,1.1027489165288464,1.5382141040090485,0.7317288486685573,0.4982789677849341,0.5480912118940057,0.6141446372241152,1.0239914377643424,1.561250558807803,1.6861510782552656,1.1500109914252217,0.5868012478088009,0.1979155806257485,0.1607653978409563,0.19395550627447,0.2534875127318032,0.2205125374604648,0.1856568266539101,0.1507269359905888,0.2346342720777606,0.341764522591048,0.3546913201948902,0.477767938776635,OK,599.1296314805903,599.1296314805903,1.0619421858532916,8.480113417107205,37.40335252304677,0.0,1183.845209286908,591.922604643454,1.0491679122557425,0.0,28.923239105939565,0.0,1708.410161733625,569.4700539112083,1.0093713314328905,-4.466785276312454,24.45645382962711,0.0,2320.836967973588,580.209241993397,1.0284062718982887,-11.56016181438481,17.363077291554756,0.0,2835.8278822961925,567.1655764592385,1.005286703175485,-10.252022416831965,18.6712166891076,0.0,3221.114343253613,536.8523905422688,0.9515573444166924,-17.291886270618317,11.631352835321248,0.0,3949.2803621830353,564.1829088832908,1.0,-21.981038832761257,6.942200273178308,1.0,4036.2469052230335,504.5308631528793,0.8942682509676106,-18.03696999582897,10.886269110110597,0.0,564.1829088832908,30.682199341782127,0.0543834257625999,7.0,0.05,0.0,0.0,5.702713679056615e-07,3,01-09_gambiae
gambiae_female,sf2_data_final/2024-01-09_330026_gambiae_female/002/4_036.wav,8968.0,OK,0.0493424036281179,16.0,1411200.0,44100.0,2.0,2024.0,1.0,10.0,3.0,40.0,3.0,72.0,32.0,0.0,32.1,1009.6,604.1095890410959,588.0,602.9296875,602.9296875,602.15341773161,0.0712975745569739,2.593168804517457,0.0464399092970521,602.8908292182061,1168.4696328640464,1810.1953186951816,2414.2803633602484,1685.7998907899291,3011.1663859604105,858.7660612740574,-0.0025664342251029,0.2158953168818932,1.8130341046907543,4.657443929336225,7.696920434513032,1.898821297067036,13.393602123040573,3.0947921072572973,2.289746759113968,1.6248180025088077,0.7642293821053109,1.8209049131274488,9.451735064215054,14.135847341230791,9.10138131109346,3.045102691803269,0.976853868557842,0.4062473464587248,0.5765613968935163,0.5593205703459215,0.5956368798808086,0.6232291834088247,0.4598166173984346,0.2919670823687283,0.6039615798890937,1.5872689062238083,2.2933115272509617,OK,606.300373202328,606.300373202328,1.0001393692295046,10.711787062984833,48.931511761129656,0.0,1193.6635950947075,596.8317975473537,0.9845202211939358,0.0,38.21972469814482,0.0,1818.7751573935168,606.258385797839,1.0000701077576382,-11.540462623931129,26.679262074213696,0.0,2418.0220862912947,604.5055215728237,0.9971786226162184,-12.456084081104096,25.76364061704073,0.0,2999.601264118516,599.9202528237032,0.9896148670963736,-13.878889016651913,24.340835681492912,0.0,3678.11355341546,613.0189255692434,1.0112221411085511,-21.2420748678796,16.977649830265225,0.0,4229.071189389558,604.1530270556511,0.9965971556410296,-24.91628411049069,13.303440587654135,0.0,4949.910394582647,618.7387993228309,1.020657515356748,-29.27044567053617,8.949279027608657,0.0,606.2158853614717,6.499908619238479,0.0107221021028882,8.0,0.05,0.0,0.0,1.3169885171330807e-05,612.5,604.1095890410959,602.9296875,602.9296875,602.1028974368804,0.0512384434525163,2.113085627094576,0.0464399092970521,602.7345375251019,1204.7122424617232,1809.431693909528,2413.499565962912,3010.8933587019333,3660.7697633234334,1139.3023758008078,-0.0025664342251029,2.421607208176429,1.6319839841383943,3.250976791479375,5.258676231229208,1.325271070550766,9.123739542876638,2.1190707837316314,1.5094264465649931,1.1170504329576088,0.4968992919781131,1.2455303050064237,6.457243206400067,9.666089673976533,6.200989999672259,2.0681573141429874,0.6984559736659558,0.2619548998304024,0.3875473611248942,0.4350635259032409,0.4234339525587249,0.4354151892546569,0.3602532370566462,0.2148211692125985,0.4350173794824225,1.0588519274129786,1.5727885525107437,OK,605.6435781589017,605.6435781589017,1.0048336225073544,10.84061247377076,48.74498028331294,0.0,1193.3687659193215,596.6843829596609,0.98996926846901,0.0,37.90436780954218,0.0,1816.045425960748,605.3484753202491,1.004344012338818,-12.402803974847778,25.5015638346944,0.0,2415.97836880698,603.9945922017449,1.0020977616932587,-12.565157920191218,25.33920988935096,0.0,2996.17165747073,599.2343314941461,0.9941999317097614,-13.249556554066524,24.654811255475657,0.0,3661.039155090917,610.1731925151529,1.0123487831831917,-17.68793079200759,20.216437017534588,0.0,4266.2888925614025,609.4698417944861,1.0111818419688736,-20.50201461431885,17.40235319522333,0.0,4730.34614750611,591.2932684382638,0.9810247781297328,-25.84448067204412,12.059887137498066,0.0,602.7302078603257,6.096506566578215,0.010114818350022,8.0,0.05,0.0,0.0,6.583416560555206e-06,612.5,604.1095890410959,602.9296875,602.9296875,601.3986695212197,0.0217596413106832,2.867322995899701,0.0464399092970521,602.1467437347485,1168.2828278015277,2974.259539047831,2415.2401093808794,1810.4630914064385,1686.1817278369438,848.6413189037306,-0.0025664342251029,1.296655407654549,0.6962955914455599,1.2154093610893415,1.8984348307271648,0.5106804978798547,3.2206487351976265,0.7460567365104306,0.4201531218396865,0.307728265668897,0.2205557616197562,0.4758953013266787,2.321384475676433,3.396273013141428,2.1568350862958603,0.7345462216610456,0.2690154027930361,0.1424345142398703,0.1714086896310331,0.1723685954317706,0.1796581787075339,0.1866697922348053,0.1771136334126652,0.0968215554043587,0.1494863637404307,0.3285852281883944,0.4413901184376922,OK,605.5223371853754,605.5223371853754,0.9993879050682234,14.0286110693146,46.47975700374711,0.0,1188.5773470904307,594.2886735452154,0.9808472388002116,0.0,32.45114593443251,0.0,1822.80588064008,607.60196021336,1.0028202311338974,-9.858420357513594,22.59272557691892,0.0,2420.634323386563,605.1585808466408,0.9987875412781558,-9.5978083007173,22.85333763371521,0.0,2988.969874245852,597.7939748491702,0.986632583966958,-9.14973187641202,23.30141405802049,0.0,3666.619686911695,611.1032811519492,1.0085990068832005,-14.213120925130236,18.23802500930228,0.0,4263.530417776511,609.075773968073,1.005252695719151,-17.27134575416501,15.1798001802675,0.0,4932.80823188111,616.6010289851388,1.017672797150202,-21.976377847857123,10.474768086575388,0.0,605.8932013431154,6.668872398363735,0.0110066796979739,8.0,0.05,0.0,0.0,1.0414616340045431e-06,4,01-09_gambiae
gambiae_female,sf2_data_final/2024-01-09_330026_gambiae_female/002/2_000.wav,7432.0,OK,0.0406349206349206,16.0,1411200.0,44100.0,2.0,2024.0,1.0,9.0,18.0,16.0,19.0,80.8,31.0,2.6,46.3,1008.0,595.9459459459459,595.9459459459459,602.9296875,602.9296875,596.8945701342633,0.0473935887275579,2.696718915810977,0.0348299319727891,596.8848104958307,1197.1304137728523,1770.907594609684,2364.610157161965,2931.214924800851,3500.894221578903,1085.983692404428,-0.003466719133522,0.1132936118278504,1.341796841440769,1.5729173736939803,3.226280083486143,1.3513319948144853,9.093338483687736,0.3827354150823857,2.162025303240472,0.6785755816345828,0.1513894706179574,1.3429990257808349,6.275432865497144,10.139259212654546,3.26620374544493,0.3648133566718813,0.2794445025512467,0.5850325455809944,0.2610952682878523,0.6096042990859694,0.8677529374978973,0.1386555447837282,0.3145692306642185,0.1624767823999179,0.2078704122005914,0.9278972929019632,2.58614441348201,OK,594.1474854784418,594.1474854784418,1.0053518416633842,7.32289153396011,50.604229244407925,0.0,1192.6136835931827,596.3068417965914,1.0090056698867098,0.0,43.281337710447815,0.0,1796.0866022651248,598.695534088375,1.0130475555353178,-7.673240135544823,35.60809757490299,0.0,2361.604003192719,590.4010007981798,0.9990124472114628,-13.59655509662966,29.68478261381816,0.0,2939.03294559451,587.8065891189019,0.9946224655595256,-19.845195443532752,23.436142266915063,0.0,3513.261088678584,585.543514779764,0.9907931369664048,-26.319104636531705,16.96223307391611,0.0,4087.940074103592,583.991439157656,0.9881668831771953,-32.818599241435834,10.46273846901198,0.0,4727.877034534754,590.9846293168442,1.0,-37.30466901851955,5.976668691928268,1.0,590.9846293168442,5.164973446617898,0.0087396070733487,7.0,0.05,0.0,0.0,4.416996879237038e-06,595.9459459459459,588.0,602.9296875,602.9296875,596.8403033843618,0.0343967181873391,2.5986506172873525,0.0348299319727891,596.8366797882148,1197.3537614264517,1800.332549425452,2336.4263060729104,2932.1839770049583,3500.549284375013,1083.0262224311218,-0.003466719133522,0.9070754115737132,1.063071939631595,1.2054662376493477,2.231857608074576,0.9566138756053232,6.243729926906888,0.2725888328389494,1.4260326617818884,0.4347105081452712,0.0862971489585861,0.9243050628321128,4.3322878509693,6.9861103561211815,2.239522505972865,0.2464973427097066,0.234808306407415,0.3824022922189629,0.1388127888293128,0.3758034532236609,0.569274890402478,0.0794322337272402,0.2194395267610158,0.0877354327150944,0.1137920852162418,0.59713227258878,1.7475485689301136,OK,596.8626145873087,596.8626145873087,1.0089198166982645,4.304445153534125,52.52380662337745,0.0,1192.2767623381635,596.1383811690819,1.0076955928489129,0.0,48.21936146984333,0.0,1797.289547826926,599.0965159423087,1.0126959408690956,-8.138575763889826,40.0807857059535,0.0,2360.265386749212,590.066346687303,0.997431596132386,-13.996260203267257,34.22310126657607,0.0,2940.7886193942004,588.1577238788401,0.9942053136898308,-19.12703918763564,29.09232228220769,0.0,3520.7874662699064,586.7979110449844,0.9919067242296312,-26.736083276394748,21.48327819344858,0.0,4095.697025699234,585.0995750998906,0.9890359048006055,-29.510187279040448,18.70917419080288,0.0,4723.737237506525,590.4671546883156,0.9981091107312732,-36.98694811164093,11.2324133582024,0.0,591.5857778872542,4.812593208807705,0.0081350725265827,8.0,0.05,0.0,0.0,2.311486501379737e-06,595.9459459459459,588.0,602.9296875,602.9296875,596.3583115940652,0.0150249643314696,3.30691878054199,0.0348299319727891,596.3747112230621,1196.9144070576708,1770.940230771673,2365.589210988053,2968.8969245906446,3496.3821198254805,1091.1588289027584,-0.003466719133522,0.4789348144525814,0.4526027554183127,0.4737078190160406,0.8036852266467154,0.3761037854434744,2.097977543576307,0.1036174792518441,0.4056701641379416,0.1724941871041086,0.0546088855972192,0.3647601032300802,1.5214681238153138,2.3420786907416296,0.8006282920621823,0.1030749231393571,0.112326668642296,0.1883708656707049,0.1005710606982709,0.1644277263979825,0.2106333900303736,0.0563130026343381,0.1184072749104626,0.0703431583180233,0.0632467487545184,0.1798309990862132,0.5298065874654347,OK,594.7787374423702,594.7787374423702,1.0052380143169546,9.425915357856104,42.0362852179063,0.0,1191.2453446312436,595.6226723156218,1.006664352151169,0.0,32.61036986005019,0.0,1795.5521872799968,598.517395759999,1.011556736266538,-5.601538205790526,27.008831654259662,0.0,2366.783536304554,591.6958840761386,1.00002767103934,-8.926542258981122,23.68382760106907,0.0,2952.0327022716183,590.4065404543237,0.9978485460293592,-14.295174192527714,18.31519566752248,0.0,3509.029378380508,584.8382297300845,0.9884375209486644,-17.013321690868697,15.597048169181496,0.0,4101.27985431584,585.89712204512,0.990227159247974,-21.797149369970924,10.813220490079267,0.0,4733.436093512752,591.679511689094,1.0,-32.61036986005019,0.0,1.0,591.679511689094,4.686915940306924,0.0079213760958647,7.0,0.05,0.0,0.0,4.247527353332511e-07,2,01-09_gambiae
gambiae_female,sf2_data_final/2024-01-09_330026_gambiae_female/002/3_044.wav,6408.0,OK,0.0348299319727891,16.0,1411200.0,44100.0,2.0,2024.0,1.0,10.0,4.0,44.0,21.0,68.5,31.0,0.0,31.0,1009.7,621.1267605633802,621.1267605633802,602.9296875,602.9296875,611.4809198060592,0.0608836791763912,4.292806097395651,0.023219954648526,599.4070540798554,1248.0094289043725,83.06794738871356,1900.7091925253528,2407.6724580435703,3228.900254291429,1167.8466529332811,-0.0016316747523443,1.6432348123442,2.8689001089831927,4.407527802649248,4.04483561456941,2.9383536087650484,8.39839141464242,2.797995131283088,2.408763543995843,2.93777610735966,1.9081608214505208,2.2083371187049474,5.504408204364843,9.07990039552164,7.537011701621557,2.9326187478783727,1.6260861261196442,1.110552155568958,0.6627166639432653,0.5181120041763776,0.6306041971572117,1.3835786187501775,0.9124092720675692,0.3170010826493983,0.3937686389709094,0.6204435445703269,1.706254863738538,OK,592.6266679815024,592.6266679815024,0.9468922166058636,3.751172623024559,48.36299408604864,0.0,1246.3283379971458,623.1641689985729,0.9956846918519492,0.0,44.61182146302408,0.0,1914.407752410556,638.1359174701854,1.0196063829648998,-8.334930889496228,36.27689057352785,0.0,2398.174703036296,599.543675759074,0.9579441337413056,-21.287865885030207,23.32395557799387,0.0,3226.03304217856,645.2066084357118,1.030903853367449,-24.197283542280985,20.414537920743093,0.0,3827.055596588777,637.8425994314629,1.0191377227056468,-25.205393282902484,19.4064281801216,0.0,4511.746024251701,644.5351463216715,1.0298309987628866,-26.95421272268982,17.657608740334258,0.0,5006.91975359792,625.86496919974,1.0,-35.09253120300859,9.519290260015488,1.0,625.86496919974,20.07700816325972,0.0320788175585719,7.0,0.05,0.0,0.0,8.22649478019836e-06,648.5294117647059,630.0,86.1328125,602.9296875,86.1328125,0.0447404710719292,1.3031234640315985,0.023219954648526,46.140982203659526,599.3691021249128,1248.1658401984118,1900.1645492553127,1772.8706145565395,2407.907776428769,879.9903021130692,-0.0016316747523443,13.192080612001984,4.491288667400932,3.522735921236391,2.9651919538014777,2.00703403894994,5.756198003351531,1.8786608198369936,1.5647085024918537,2.004356548133748,1.302568484746753,1.5282820793320566,3.7985217191635385,6.243881943239844,5.173280796940904,1.9421505627818247,1.0660870187690668,0.7585963957661089,0.4454086287695389,0.3802796150227582,0.4160379870567582,0.929663250894113,0.6058722489108773,0.2205782280922136,0.2505609117865706,0.3761069700544782,1.1411162712478533,OK,593.2039868146205,593.2039868146205,0.9477137963759804,3.117156857923611,47.70754933517067,0.0,1247.5230226924075,623.7615113462039,0.9965330697210348,0.0,44.59039247724706,0.0,1912.236608835158,637.4122029450526,1.0183416702123622,-7.5199625602238385,37.07042991702322,0.0,2400.3938167353795,600.0984541838449,0.958728526535776,-19.689112281517776,24.90128019572928,0.0,3205.771330618681,641.1542661237362,1.0243200604123208,-22.9020254432336,21.68836703401346,0.0,3850.5609777147456,641.7601629524576,1.0252880525305854,-28.85506396112194,15.73532851612512,0.0,4508.9129603388,644.1304229055429,1.0290748242119403,-30.88451559466824,13.705876882578815,0.0,5007.45257973881,625.9315724673512,1.0,-30.06638903013895,14.524003447108107,1.0,625.9315724673512,19.597491605212088,0.0313093195282688,7.0,0.05,0.0,0.0,4.172265713956828e-06,1191.891891891892,630.0,86.1328125,602.9296875,86.1328125,0.0185087141336048,1.250939241654477,0.023219954648526,46.839768321917056,598.0810043031851,1247.9847534044306,1901.725757869024,2409.105601859206,3231.657923112144,1178.4349950273224,-0.0016316747523443,7.211102696415339,2.48088912930822,1.4669128470671362,1.134655034305484,0.7789392082246602,1.9478261486053232,0.5980114761900924,0.4738226246987357,0.5445741559493009,0.4684973595959202,0.6078733986203106,1.4451599830758777,2.090675892171032,1.650382808807909,0.631477172628888,0.3908369467909905,0.2721600689711821,0.2011974796013742,0.1488028421097544,0.1779743768735144,0.3572056109765422,0.2487923531357676,0.0990644141800009,0.1291888149881457,0.1586457417575528,0.3273416041314681,OK,589.409509892616,589.409509892616,0.9455324653176814,6.798008296624751,44.13267739391139,0.0,1246.5653403948388,623.2826701974194,0.9998718884751684,0.0,37.33466909728664,0.0,1916.6290552559008,638.8763517519671,1.0248873181826677,-5.325994995596226,32.00867410169042,0.0,2403.0061601200805,600.7515400300201,0.9637273833458636,-16.21309372887795,21.12157536840869,0.0,3246.42066856531,649.2841337130619,1.0415835125449806,-17.138391639108267,20.19627745817837,0.0,3830.518462474901,638.4197437458167,1.0241548262793423,-17.484819583432287,19.849849513854355,0.0,4364.596330645827,623.5137615208324,1.0002426058542957,-22.196395213727904,15.13827388355874,0.0,4986.90024097341,623.3625301216763,1.0,-22.489582470736863,14.84508662654978,1.0,623.3625301216763,20.01221619979713,0.0321036559510416,7.0,0.05,0.0,0.0,6.469126674346626e-07,3,01-09_gambiae
gambiae_female,sf2_data_final/2024-01-09_330026_gambiae_female/002/4_004.wav,12552.0,OK,0.0696598639455782,16.0,1411200.0,44100.0,2.0,2024.0,1.0,9.0,21.0,33.0,40.0,74.3,32.0,0.0,25.8,1010.3,630.0,630.0,645.99609375,645.99609375,639.2887089459363,0.0802212637783107,3.693672603224729,0.0580498866213151,1258.7948519967822,636.3283059223294,1897.4423177101733,2532.711488269081,3792.797405258286,3173.8187024200324,1184.6597345206687,-0.0031880449174625,0.1424847797215318,0.20330500265923,1.7066406283288744,4.80974364339692,0.2205572707426552,5.777902672182446,1.7707147510873065,0.3288725923143202,4.8712439817890525,0.9913342800654058,0.2133530299384281,0.8068464324235306,5.81407317257883,10.276921658029654,1.775976729446154,0.1843729035549134,0.1692984201179569,0.2195720676060892,0.3549469231585612,0.140833479539515,1.1116007866102668,0.1044391440619805,0.1400218128122153,0.1361723117631371,0.1357049351029249,0.2743002018080718,OK,631.4193925058448,631.4193925058448,1.00644112926367,-2.2015665652001104,49.60198641016172,0.0,1263.833171305724,631.9165856528621,1.0072336225546354,0.0,51.80355297536183,0.0,1898.7457921497023,632.9152640499009,1.008825450467456,-16.30750096008824,35.496052015273584,0.0,2528.3802918858114,632.0950729714529,1.0075181196426466,-17.3028044961437,34.500748479218124,0.0,3165.687770536334,633.1375541072669,1.0091797662503013,-30.17824462964891,21.62530834571292,0.0,3794.508957960279,632.4181596600464,1.0080330986495911,-28.81091118389693,22.99264179146489,0.0,4420.890449342892,631.5557784775559,1.0066585195640216,-34.68182929841285,17.121723676948978,0.0,4748.553050651651,593.5691313314563,0.9461102936076784,-41.55032798577258,10.253224989589238,0.0,627.3783673445482,12.791172684605192,0.0203882909427453,8.0,0.05,0.0,0.0,1.2213239036403442e-05,630.0,621.1267605633802,645.99609375,645.99609375,639.3023042042073,0.055891707404917,3.127758431238831,0.0580498866213151,1258.804308056661,636.3346004889823,1897.196577206731,2532.23850472017,3794.246200772301,3156.3635118720927,1182.22511953938,-0.0031880449174625,1.7262618928536932,0.4113916590985469,1.2787181504063376,3.273996600289766,0.1499690839617662,3.890825139876914,1.195452043110592,0.2115536720882831,3.2239842166343617,0.6871051799021046,0.1074611667674793,0.5243437795343602,3.898143296738618,6.919363301471865,1.1725085167281737,0.1259378544050288,0.1034684013951572,0.129992929842881,0.2275084815323041,0.0658465044710042,0.7788116596396091,0.0564182114077707,0.0717457888546351,0.0771203194908089,0.0749967725403409,0.1582535302312687,OK,631.6173054853097,631.6173054853097,0.998828605471026,-3.6009626114240803,46.234745234740856,0.0,1264.8003636288197,632.4001818144097,1.0000666324618326,0.0,49.83570784616494,0.0,1898.35972901796,632.78657633932,1.000677670033359,-10.633206873406545,39.20250097275839,0.0,2527.836639741846,631.9591599354615,0.9993692081441224,-11.251253376790004,38.58445446937493,0.0,3164.7537956179885,632.9507591235977,1.0009373058287026,-23.67865442012459,26.157053426040346,0.0,3796.507893191547,632.7513155319244,1.0006219092067117,-22.421013403362345,27.414694442802592,0.0,4424.2871782002585,632.0410254571798,0.9994986688542452,-29.60681210561372,20.228895740551216,0.0,5058.864369928232,632.358046241029,1.0,-33.52167725521277,16.314030590952164,1.0,632.358046241029,0.4628625339519696,0.0007319627491156,7.0,0.05,0.0,0.0,5.871820879595664e-06,639.1304347826087,621.1267605633802,645.99609375,645.99609375,638.9631828368665,0.0199168280959743,3.2236211945196254,0.0580498866213151,636.194315688223,1258.7821013071575,2532.592062539147,1897.0513653700511,3793.858607265876,3155.047022457158,1181.9791692087515,-0.0031880449174625,0.881119536921437,0.2158867334496417,0.4744276033252417,1.1777010178652214,0.0891441554888011,1.2754028910436432,0.4309698768442633,0.0932544599446913,0.876573363413565,0.2507315095733869,0.0816617555723009,0.222125347424673,1.2798380028690983,2.157975299067787,0.4280122212326134,0.0670698852454583,0.0832304689531417,0.0959397221126912,0.1278998448616539,0.062454109733722,0.3262953908455474,0.0519337308303518,0.0712073126633101,0.0593866762125907,0.0704548274494106,0.0698522340108169,OK,631.3632524192635,631.3632524192635,0.9985266772803718,-0.5554205122016356,39.96298406326342,0.0,1264.2737154688527,632.1368577344264,0.9997501655684786,0.0,40.518404575465055,0.0,1898.154523863563,632.7181746211877,1.000669541881814,-13.236948548707195,27.28145602675786,0.0,2528.1712347571,632.042808689275,0.9996014231762084,-12.106747405834728,28.411657169630328,0.0,3164.734918828141,632.9469837656281,1.001031412855226,-22.243962996433588,18.274441579031468,0.0,3795.9218576717167,632.6536429452862,1.0005674824102335,-18.26329342338137,22.25511115208369,0.0,4425.41446967262,632.2020670960885,0.9998532968276684,-22.16429367468995,18.354110900775105,0.0,5058.358614024177,632.2948267530221,1.0,-27.6248011044837,12.893603470981354,1.0,632.2948267530221,0.4925420438856792,0.0007789752866,7.0,0.05,0.0,0.0,7.459432254108833e-07,4,01-09_gambiae
